iterations 0 solution 166 182 193 215 423 487 501 513 647 693 740 746 789 800 taille 14
iterations 2 solution 166 182 195 215 423 487 501 513 569 647 693 740 746 789 800 taille 15
iterations 9 solution 57 78 166 195 239 343 423 467 501 513 569 647 683 740 746 800 taille 16
iterations 16 solution 57 60 78 166 171 239 271 406 423 467 494 513 647 693 740 746 792 taille 17
iterations 39 solution 60 78 168 171 193 303 406 423 465 497 501 570 582 594 693 740 760 792 taille 18
iterations 3 solution 43 60 78 168 171 193 303 406 423 480 501 513 570 582 594 693 740 760 792 taille 19
iterations 334 solution 19 53 73 120 134 289 307 339 354 402 453 511 512 593 660 705 755 756 762 777 taille 20
iterations 0 solution 166 182 193 215 423 487 501 513 647 693 740 746 789 800 taille 14
iterations 4 solution 26 133 166 182 193 215 487 501 504 513 647 746 786 789 800 taille 15
iterations 3 solution 26 166 182 191 193 215 487 501 504 513 617 734 746 786 789 800 taille 16
iterations 6 solution 26 123 193 215 293 327 487 501 504 513 612 617 734 746 786 789 800 taille 17
iterations 7 solution 53 57 123 193 293 327 421 487 501 504 513 604 612 701 746 786 789 800 taille 18
iterations 6 solution 36 53 71 123 180 193 219 421 487 501 504 513 514 604 612 701 746 755 800 taille 19
iterations 3 solution 36 39 53 71 123 180 193 205 219 421 487 504 514 537 604 612 701 746 755 800 taille 20
iterations 0 solution 166 182 193 215 423 487 501 513 647 693 740 746 789 800 taille 14
iterations 6 solution 133 166 167 182 193 215 310 367 647 693 710 740 746 758 789 taille 15
iterations 4 solution 133 166 167 177 182 193 202 215 310 367 647 710 740 746 758 789 taille 16
iterations 16 solution 21 58 74 84 92 177 202 214 310 354 367 416 653 740 746 758 789 taille 17
iterations 1 solution 21 58 74 84 92 177 202 214 229 310 354 367 416 653 740 746 758 789 taille 18
iterations 58 solution 21 92 131 137 166 177 187 202 223 272 310 354 367 454 676 740 746 758 789 taille 19
iterations 221 solution 7 15 19 40 57 138 177 451 540 553 562 565 575 605 636 644 686 741 797 800 taille 20
iterations 0 solution 166 182 193 215 423 487 501 513 647 693 740 746 789 800 taille 14
iterations 2 solution 57 166 175 182 193 423 487 501 513 647 693 740 746 789 800 taille 15
iterations 2 solution 57 166 175 182 193 352 423 487 501 513 647 693 740 746 792 800 taille 16
iterations 3 solution 57 166 175 195 288 352 423 487 501 513 604 647 693 740 746 792 800 taille 17
iterations 1 solution 57 166 175 195 288 352 423 487 501 513 604 647 693 733 740 746 792 800 taille 18
iterations 9 solution 36 57 107 123 166 195 288 305 467 487 501 513 604 606 653 670 683 693 746 taille 19
iterations 843 solution 17 48 62 109 134 150 171 197 245 296 335 349 350 367 393 431 463 657 720 755 taille 20
iterations 0 solution 166 182 193 215 423 487 501 513 647 693 740 746 789 800 taille 14
iterations 3 solution 166 167 182 193 215 352 423 487 501 513 618 647 693 740 746 taille 15
iterations 4 solution 166 167 182 193 215 310 352 354 423 501 513 584 647 740 746 774 taille 16
iterations 6 solution 71 166 167 180 182 193 202 310 352 354 501 584 647 736 740 746 774 taille 17
iterations 42 solution 23 203 234 354 392 410 434 465 467 566 590 611 646 665 670 736 739 780 taille 18
iterations 24 solution 40 105 203 234 321 354 392 410 467 561 566 590 592 611 646 665 670 736 780 taille 19
