iterations 0 solution 342 366 438 545 565 1004 1159 1401 1636 1743 taille 10
iterations 2 solution 342 366 438 545 565 625 818 1004 1159 1401 1743 taille 11
iterations 2 solution 342 366 438 491 545 625 818 984 1004 1159 1401 1743 taille 12
iterations 1 solution 342 366 438 480 491 545 625 818 984 1004 1159 1401 1743 taille 13
iterations 9 solution 366 438 480 545 818 984 1004 1079 1159 1288 1401 1564 1638 1778 taille 14
iterations 0 solution 342 366 438 545 565 1004 1159 1401 1636 1743 taille 10
iterations 2 solution 342 366 438 545 565 625 1004 1156 1159 1401 1743 taille 11
iterations 5 solution 214 225 342 366 438 545 625 1004 1156 1184 1401 1624 taille 12
iterations 5 solution 214 225 233 342 625 1004 1156 1171 1184 1269 1496 1624 1881 taille 13
iterations 7 solution 206 214 233 342 418 606 886 1004 1184 1269 1496 1624 1664 1881 taille 14
iterations 0 solution 342 366 438 545 565 1004 1159 1401 1636 1743 taille 10
iterations 2 solution 342 366 438 545 565 737 1004 1159 1401 1484 1636 taille 11
iterations 2 solution 342 366 438 545 565 713 737 1004 1401 1484 1636 1731 taille 12
iterations 6 solution 111 148 342 366 565 737 1022 1356 1401 1484 1636 1958 1987 taille 13
iterations 94 solution 92 149 178 181 718 794 798 817 866 925 1039 1280 1323 1467 taille 14
iterations 0 solution 342 366 438 545 565 1004 1159 1401 1636 1743 taille 10
iterations 2 solution 342 366 367 438 545 565 1022 1159 1401 1636 1743 taille 11
iterations 4 solution 23 366 367 405 438 545 1022 1159 1196 1419 1636 1743 taille 12
iterations 9 solution 23 207 366 367 405 545 589 808 1022 1196 1419 1484 1748 taille 13
iterations 49 solution 589 604 740 804 1051 1094 1144 1196 1450 1523 1748 1763 1811 1942 taille 14
iterations 0 solution 342 366 438 545 565 1004 1159 1401 1636 1743 taille 10
iterations 2 solution 342 366 367 438 545 565 1022 1159 1401 1636 1743 taille 11
iterations 4 solution 78 342 366 367 565 1022 1159 1381 1636 1685 1743 1877 taille 12
iterations 14 solution 342 367 392 419 427 612 1159 1305 1382 1506 1685 1959 1997 taille 13
iterations 74 solution 204 235 287 288 694 1051 1119 1143 1252 1406 1526 1578 1684 1783 taille 14
