iterations 0 solution 5 6 21 37 52 53 61 97 108 110 113 118 132 137 139 147 155 181 194 204 205 230 242 244 268 280 291 295 310 336 339 381 404 406 415 427 442 451 455 484 488 490 493 taille 43
iterations 3 solution 5 21 37 40 52 53 61 97 108 110 113 118 132 137 139 147 155 181 194 204 205 230 242 244 268 280 291 295 310 332 336 339 351 381 404 406 415 442 451 455 484 488 490 493 taille 44
iterations 5 solution 21 37 40 52 53 61 97 108 110 118 134 137 139 147 148 155 181 194 204 205 242 244 268 280 290 291 294 295 310 332 336 339 351 381 404 406 415 420 442 451 455 484 488 490 493 taille 45
iterations 1 solution 21 37 40 52 53 61 97 108 110 118 134 137 139 147 148 155 181 194 204 205 238 242 244 268 280 290 291 294 295 310 332 336 339 351 381 404 406 415 420 442 451 455 484 488 490 493 taille 46
iterations 10 solution 6 21 37 52 61 96 108 110 118 134 137 139 148 155 181 194 203 204 205 228 230 238 242 244 268 280 290 291 295 310 333 336 339 381 404 406 415 420 427 442 443 451 455 484 488 490 493 taille 47
iterations 3 solution 6 21 37 52 61 96 108 118 119 134 137 139 148 155 181 194 203 204 205 228 230 238 242 244 268 280 290 291 295 310 312 333 336 381 404 406 415 420 427 442 443 451 452 455 484 488 490 493 taille 48
iterations 1 solution 6 21 37 52 61 96 108 118 119 134 137 139 148 155 181 194 203 204 205 215 228 230 238 242 244 268 280 290 291 295 310 312 333 336 381 404 406 415 420 427 442 443 451 452 455 484 488 490 493 taille 49
iterations 6 solution 6 21 28 37 52 61 96 108 118 119 134 137 148 155 181 194 203 204 205 215 228 230 238 242 280 283 290 291 295 307 310 312 333 336 340 351 381 404 406 415 420 433 442 443 451 452 455 484 490 493 taille 50
iterations 3 solution 6 21 28 37 52 61 95 96 108 118 119 134 137 148 155 181 194 203 204 205 215 228 230 238 242 244 280 290 291 295 307 310 333 336 340 351 381 404 406 415 420 433 442 443 451 452 455 478 484 490 493 taille 51
iterations 5 solution 6 21 28 52 61 95 96 110 118 134 137 148 155 181 194 203 204 205 215 228 230 238 242 244 249 268 280 290 291 295 307 310 333 336 340 351 381 404 406 415 420 442 443 451 452 455 475 478 484 490 493 497 taille 52
iterations 171 solution 5 6 21 28 36 40 46 61 75 95 97 110 118 137 141 149 163 167 181 194 203 205 230 238 242 244 245 249 267 280 290 291 304 310 327 329 333 350 351 352 381 402 404 431 442 444 451 455 472 478 491 493 495 taille 53
iterations 11 solution 5 6 21 28 36 40 46 61 75 95 97 110 118 128 132 137 141 149 194 203 205 230 238 242 244 245 249 267 280 290 304 310 329 333 336 340 350 351 352 381 395 404 406 431 440 442 444 451 455 472 478 491 493 495 taille 54
iterations 70 solution 5 28 36 40 46 61 75 94 95 97 109 110 118 128 132 137 141 149 163 177 192 203 230 238 242 244 245 249 267 280 290 304 308 310 329 336 344 350 351 352 363 391 395 404 406 431 440 442 450 462 472 478 491 493 495 taille 55
iterations 0 solution 5 6 21 37 52 53 61 97 108 110 113 118 132 137 139 147 155 181 194 204 205 230 242 244 268 280 291 295 310 336 339 381 404 406 415 427 442 451 455 484 488 490 493 taille 43
iterations 2 solution 5 6 21 37 52 53 61 97 108 110 118 132 137 139 147 155 181 194 204 205 230 238 242 244 268 280 291 295 305 310 336 339 381 404 406 415 427 442 451 455 484 488 490 493 taille 44
iterations 1 solution 5 6 21 37 52 53 61 97 108 110 118 132 134 137 139 147 155 181 194 204 205 230 238 242 244 268 280 291 295 305 310 336 339 381 404 406 415 427 442 451 455 484 488 490 493 taille 45
iterations 1 solution 5 6 21 37 52 53 61 97 108 110 118 132 134 137 139 147 155 181 194 204 205 230 238 242 244 268 280 290 291 295 305 310 336 339 381 404 406 415 427 442 451 455 484 488 490 493 taille 46
iterations 2 solution 5 6 21 37 52 53 61 97 108 110 118 132 134 139 147 155 181 194 204 205 220 230 238 242 244 268 280 290 291 295 305 310 336 339 381 404 406 407 415 427 442 451 455 484 488 490 493 taille 47
iterations 2 solution 5 6 21 37 52 53 61 97 108 110 118 134 139 140 147 155 181 194 204 205 220 230 238 242 244 268 280 290 291 295 305 310 336 339 381 404 406 407 415 420 427 442 451 455 484 488 490 493 taille 48
iterations 3 solution 5 6 21 27 37 52 53 61 97 108 110 118 134 139 140 147 155 181 194 204 205 215 230 238 242 244 268 280 290 291 295 305 310 336 381 404 406 407 415 420 427 442 451 452 455 484 488 490 493 taille 49
iterations 10 solution 21 27 37 52 61 77 90 97 108 110 118 134 139 140 147 148 155 163 181 194 204 205 215 230 238 242 244 268 280 290 291 295 305 310 312 332 336 381 404 406 407 415 427 442 451 452 455 488 490 493 taille 50
iterations 5 solution 21 27 37 52 77 90 97 108 110 118 134 139 140 147 148 155 160 163 181 194 204 205 215 230 238 242 244 268 280 290 291 295 310 312 326 333 336 357 381 404 407 415 427 442 443 451 452 455 488 490 493 taille 51
iterations 2 solution 6 21 27 37 52 77 90 97 108 110 118 134 139 140 147 148 155 160 163 181 194 204 205 215 230 238 242 244 268 280 290 291 295 310 312 326 333 336 381 404 406 407 415 427 442 443 451 452 455 488 490 493 taille 52
iterations 3 solution 6 21 27 37 52 77 90 97 108 110 118 123 134 140 147 148 149 155 160 163 181 194 204 205 215 230 238 242 244 268 280 291 295 307 310 312 326 333 336 381 404 406 407 415 427 442 443 451 452 455 488 490 493 taille 53
iterations 15 solution 6 12 13 21 27 28 37 77 90 97 108 118 119 134 140 147 148 149 155 163 181 182 194 205 215 230 238 242 268 283 290 291 295 307 310 312 326 333 336 367 381 404 406 407 411 415 427 442 451 452 455 488 490 493 taille 54
iterations 544 solution 6 12 21 28 46 50 61 65 92 97 110 118 134 147 148 163 181 182 194 215 229 230 242 245 249 259 268 272 283 290 291 295 300 307 310 312 325 329 333 351 367 370 381 400 404 405 406 407 411 415 442 451 488 490 497 taille 55
iterations 6 solution 6 12 21 28 40 42 46 50 61 65 92 97 110 114 118 134 140 147 148 163 181 182 194 229 230 242 245 249 259 268 272 283 290 291 295 300 307 310 312 325 329 333 336 381 404 405 406 407 411 415 442 451 488 490 491 497 taille 56
iterations 0 solution 5 6 21 37 52 53 61 97 108 110 113 118 132 137 139 147 155 181 194 204 205 230 242 244 268 280 291 295 310 336 339 381 404 406 415 427 442 451 455 484 488 490 493 taille 43
iterations 2 solution 5 6 21 37 52 53 97 108 110 113 118 123 132 137 139 147 155 181 194 204 205 230 242 244 268 280 291 295 310 326 336 339 381 404 406 415 427 442 451 455 484 488 490 493 taille 44
iterations 6 solution 5 6 21 37 49 52 53 96 108 110 118 123 132 134 137 147 155 181 194 204 205 230 238 242 244 268 280 291 295 310 326 339 381 404 406 411 415 427 437 442 455 484 488 490 493 taille 45
iterations 1 solution 5 6 21 37 49 52 53 96 108 110 118 123 132 134 137 147 155 181 194 204 205 230 238 242 244 268 280 291 295 305 310 326 339 381 404 406 411 415 427 437 442 455 484 488 490 493 taille 46
iterations 2 solution 5 6 21 28 37 49 52 96 108 110 118 123 132 134 137 147 155 181 194 204 205 230 238 242 244 268 280 291 295 305 310 326 339 381 404 406 411 415 427 437 442 455 478 484 488 490 493 taille 47
iterations 10 solution 5 6 28 37 49 52 96 108 110 118 132 134 155 181 194 204 205 215 220 230 238 244 248 268 280 290 291 295 305 310 326 336 343 381 391 404 406 411 415 427 442 452 455 478 484 488 490 493 taille 48
iterations 4 solution 5 6 21 28 37 49 52 96 108 110 118 132 134 147 155 181 194 204 205 215 220 230 238 242 244 268 280 290 291 295 305 310 326 336 381 404 406 407 411 415 427 442 452 455 478 484 488 490 493 taille 49
iterations 3 solution 5 6 13 21 28 37 49 52 61 72 96 108 110 118 132 134 147 155 181 194 204 205 215 220 230 238 242 244 268 290 291 295 305 310 336 381 404 406 407 411 415 427 442 452 455 478 484 488 490 493 taille 50
iterations 26 solution 5 6 21 28 40 49 52 61 72 92 96 118 133 134 137 138 147 167 181 194 204 205 228 230 238 244 248 268 280 290 291 295 305 310 327 351 370 381 400 404 406 411 420 442 452 455 484 488 490 493 497 taille 51
iterations 1 solution 5 6 21 28 40 49 52 61 72 92 96 118 133 134 137 138 147 167 181 194 204 205 228 230 238 244 248 249 268 280 290 291 295 305 310 327 351 370 381 400 404 406 411 420 442 452 455 484 488 490 493 497 taille 52
iterations 19 solution 6 21 40 49 63 72 89 92 96 110 118 133 134 139 142 147 148 167 171 181 182 194 205 228 230 238 245 248 249 268 280 284 290 291 295 305 310 311 327 351 370 378 381 400 404 431 442 452 455 484 488 493 497 taille 53
iterations 10 solution 6 21 40 49 63 72 89 92 96 110 118 133 134 139 147 148 167 171 181 182 194 205 228 230 238 244 245 249 268 280 284 290 291 295 305 310 311 312 327 348 364 370 378 381 400 404 431 442 452 455 484 488 493 497 taille 54
iterations 16 solution 4 6 21 40 49 61 63 72 87 92 93 96 110 133 134 139 147 148 167 171 181 182 194 205 228 230 238 244 245 249 268 280 290 305 310 312 321 327 334 351 370 378 381 389 400 403 404 407 442 452 455 484 490 493 497 taille 55
iterations 0 solution 5 6 21 37 52 53 61 97 108 110 113 118 132 137 139 147 155 181 194 204 205 230 242 244 268 280 291 295 310 336 339 381 404 406 415 427 442 451 455 484 488 490 493 taille 43
iterations 4 solution 5 6 21 37 46 52 53 61 97 108 110 113 118 132 137 147 155 181 194 205 230 242 267 268 280 283 291 295 310 336 339 381 404 406 411 415 427 442 451 455 484 488 490 493 taille 44
iterations 2 solution 6 21 37 46 52 53 61 97 108 110 113 118 132 137 147 148 155 181 182 194 205 230 242 267 268 280 283 291 295 310 336 339 381 404 406 411 415 427 442 451 455 484 488 490 493 taille 45
iterations 3 solution 6 21 28 46 52 61 97 108 110 113 118 132 137 147 148 155 181 182 194 205 230 242 267 268 280 283 291 295 310 333 336 339 381 404 406 411 415 427 442 451 455 484 488 490 493 497 taille 46
iterations 3 solution 6 21 28 46 52 97 108 110 113 118 137 140 147 148 155 181 182 194 205 230 242 267 268 280 283 291 295 310 326 333 336 339 370 381 404 406 411 415 427 442 451 455 484 488 490 493 497 taille 47
iterations 4 solution 6 21 28 46 52 97 108 113 118 119 137 140 148 155 181 182 194 205 215 230 242 267 268 280 283 291 295 310 312 326 333 336 343 370 381 404 406 411 415 427 442 451 455 484 488 490 493 497 taille 48
iterations 6 solution 6 21 28 46 50 52 83 97 108 113 118 119 137 140 148 149 155 181 182 194 205 210 215 230 268 283 291 295 307 310 312 326 329 333 336 343 370 381 404 406 411 415 442 451 455 484 488 490 493 taille 49
iterations 7 solution 6 12 21 28 46 50 65 79 97 108 113 118 119 137 140 148 155 181 182 194 205 210 215 230 242 268 276 283 291 307 310 312 326 329 333 336 343 367 370 381 404 406 411 415 442 451 484 488 490 497 taille 50
iterations 1 solution 6 12 21 28 46 50 65 79 97 108 113 118 119 137 140 148 155 181 182 194 205 210 215 230 242 268 276 283 291 307 310 312 326 329 333 336 343 367 370 375 381 404 406 411 415 442 451 484 488 490 497 taille 51
iterations 5 solution 6 12 21 28 46 50 52 61 65 79 97 108 118 119 134 137 140 148 155 181 182 194 210 215 230 242 268 276 283 290 291 307 310 312 325 329 333 336 343 370 375 381 404 406 411 415 442 451 484 488 490 497 taille 52
iterations 60 solution 6 12 13 21 28 37 52 90 97 108 110 118 134 137 148 149 155 182 194 203 205 210 215 230 238 242 268 283 290 291 295 307 310 312 326 329 333 336 351 379 381 404 406 415 442 443 451 455 461 484 488 490 493 taille 53
iterations 315 solution 6 12 21 28 37 48 50 63 65 88 90 108 110 113 118 124 127 147 148 149 167 169 171 181 182 194 212 215 230 242 245 268 276 283 291 303 310 312 325 329 333 351 367 379 381 404 407 411 442 451 452 484 488 490 taille 54
iterations 222 solution 6 12 21 28 37 40 42 48 50 61 63 65 90 92 97 110 114 118 124 134 147 148 167 171 181 182 194 212 229 230 242 245 268 272 283 290 291 295 310 312 325 329 333 351 379 381 404 405 407 411 442 451 484 488 490 taille 55
iterations 502 solution 6 12 21 28 40 42 44 48 50 61 63 92 97 110 114 147 148 167 171 179 181 194 204 229 230 242 245 249 268 272 290 291 295 300 302 305 310 312 325 331 336 351 381 403 404 405 407 411 420 442 451 477 484 488 490 497 taille 56
iterations 0 solution 5 6 21 37 52 53 61 97 108 110 113 118 132 137 139 147 155 181 194 204 205 230 242 244 268 280 291 295 310 336 339 381 404 406 415 427 442 451 455 484 488 490 493 taille 43
iterations 3 solution 5 6 21 37 52 53 97 108 110 113 118 123 132 137 139 147 155 181 194 204 205 230 242 244 268 280 291 295 306 310 326 336 339 381 404 406 415 427 442 451 455 484 488 493 taille 44
iterations 3 solution 5 6 21 46 52 53 97 108 110 113 118 123 132 137 139 147 155 181 194 205 230 242 244 268 280 291 295 306 310 326 336 339 381 404 406 415 427 431 442 451 455 484 488 493 497 taille 45
iterations 1 solution 5 6 21 46 52 53 97 108 110 113 118 123 132 137 139 147 155 181 194 205 230 242 244 267 268 280 291 295 306 310 326 336 339 381 404 406 415 427 431 442 451 455 484 488 493 497 taille 46
iterations 10 solution 5 6 21 27 40 46 52 53 97 108 110 113 118 123 132 139 155 173 181 194 205 242 244 267 268 280 291 294 295 306 310 326 336 339 350 351 371 381 404 415 431 434 442 451 488 493 497 taille 47
iterations 16 solution 5 6 21 22 28 40 46 52 97 108 110 118 132 137 155 181 203 238 244 248 260 267 268 280 294 295 306 310 323 326 336 339 344 350 351 371 381 404 411 415 431 434 442 455 467 488 493 497 taille 48
iterations 17 solution 6 21 22 28 40 52 77 97 108 112 118 119 132 137 138 155 181 182 203 205 238 244 248 267 280 290 294 295 310 323 326 336 339 344 350 351 371 385 404 411 433 434 442 455 467 488 490 493 495 taille 49
iterations 11 solution 6 21 22 28 40 52 67 90 97 108 118 119 123 134 137 138 155 181 182 205 238 244 248 280 294 295 307 310 323 326 336 344 351 355 370 371 385 404 411 433 434 442 455 467 481 488 490 493 495 497 taille 50
iterations 2 solution 6 21 22 28 40 52 67 90 97 108 112 118 119 123 134 137 138 149 155 181 182 205 238 244 248 280 294 295 307 310 323 326 336 344 351 355 370 371 385 404 411 433 434 442 455 467 481 488 490 493 495 taille 51
iterations 32 solution 2 5 6 22 40 52 67 77 90 92 97 112 118 119 123 125 134 138 149 160 178 181 205 217 231 238 244 280 294 295 307 310 323 326 336 342 355 358 370 376 385 391 407 411 434 442 451 455 467 490 493 495 taille 52
iterations 35 solution 5 6 22 40 52 67 77 90 92 97 112 118 119 123 138 140 149 160 178 181 192 217 231 238 244 265 267 280 284 294 295 310 326 336 342 355 358 370 385 386 391 407 411 434 442 451 455 467 468 488 490 493 495 taille 53
iterations 5 solution 5 6 22 28 40 52 67 77 90 92 97 112 118 119 123 138 149 178 181 192 209 217 231 238 244 265 267 280 284 294 295 310 323 326 336 355 358 370 381 386 391 404 407 411 434 442 451 455 467 468 488 490 493 495 taille 54
iterations 5 solution 5 6 22 40 52 67 77 90 92 97 112 118 119 123 138 140 149 160 178 181 192 209 217 231 238 244 265 267 280 284 294 295 310 326 336 355 358 364 370 371 381 386 391 404 411 442 447 451 455 467 468 488 490 493 495 taille 55
