iterations 0 solution 80 139 347 597 615 726 822 833 916 953 taille 10
iterations 2 solution 80 179 347 597 615 726 822 833 916 953 982 taille 11
iterations 2 solution 80 179 347 452 615 726 808 822 833 916 953 982 taille 12
iterations 58 solution 30 107 151 183 195 204 347 383 657 688 808 875 969 taille 13
iterations 209 solution 115 235 236 349 391 398 507 515 544 597 619 690 743 845 taille 14
iterations 0 solution 80 139 347 597 615 726 822 833 916 953 taille 10
iterations 3 solution 80 139 373 597 615 642 726 819 822 916 953 taille 11
iterations 16 solution 111 139 180 373 393 569 585 642 687 819 911 934 taille 12
iterations 81 solution 195 231 329 381 391 453 555 603 645 676 743 877 911 taille 13
iterations 0 solution 80 139 347 597 615 726 822 833 916 953 taille 10
iterations 3 solution 80 179 347 452 615 726 808 822 833 916 953 taille 11
iterations 1 solution 80 179 347 452 615 726 808 822 833 916 953 982 taille 12
iterations 76 solution 169 210 254 297 327 396 474 498 499 525 673 725 822 taille 13
iterations 607 solution 33 107 134 213 215 286 347 487 528 693 745 788 831 882 taille 14
iterations 0 solution 80 139 347 597 615 726 822 833 916 953 taille 10
iterations 2 solution 80 139 159 347 488 597 615 726 833 916 953 taille 11
iterations 14 solution 33 80 139 224 414 452 574 613 688 726 833 916 taille 12
iterations 2 solution 80 124 139 224 414 452 574 613 688 726 833 916 936 taille 13
iterations 80 solution 55 133 252 254 262 595 597 664 725 765 832 863 918 978 taille 14
iterations 0 solution 80 139 347 597 615 726 822 833 916 953 taille 10
iterations 7 solution 27 80 139 373 452 574 615 640 726 833 953 taille 11
iterations 1 solution 27 72 80 139 373 452 574 615 640 726 833 953 taille 12
iterations 2 solution 27 72 80 123 139 373 452 499 574 615 640 833 953 taille 13
