iterations 0 solution 35 55 67 74 87 100 152 156 159 166 177 180 200 201 226 231 239 259 263 266 286 288 300 309 316 327 328 359 361 365 377 379 388 391 401 420 433 441 482 483 486 488 499 taille 43
iterations 5 solution 35 55 67 74 87 100 129 141 152 156 159 163 166 177 180 200 201 226 231 239 243 259 263 266 286 288 300 309 316 327 328 359 361 365 388 391 401 420 433 441 444 482 483 499 taille 44
iterations 2 solution 35 55 67 74 87 100 129 141 152 156 159 163 166 177 180 200 201 206 226 231 239 243 259 263 266 286 288 300 309 316 327 328 357 359 361 365 388 401 420 433 441 444 482 483 499 taille 45
iterations 9 solution 22 55 61 67 74 100 104 129 132 141 152 156 159 163 166 175 180 188 200 201 206 226 231 239 243 259 263 286 288 300 309 316 327 328 357 365 388 401 420 424 433 441 444 482 483 499 taille 46
iterations 3 solution 22 55 61 74 100 104 129 132 141 152 156 159 163 166 175 188 200 201 206 226 231 236 239 243 259 263 286 288 299 300 309 316 323 327 328 357 365 388 401 420 424 433 441 444 482 483 499 taille 47
iterations 2 solution 22 55 61 74 100 104 129 132 141 152 156 159 163 166 175 179 188 200 201 206 226 231 236 239 243 259 263 286 288 299 300 309 316 323 327 328 357 365 401 420 424 425 433 441 444 482 483 499 taille 48
iterations 18 solution 54 55 61 74 87 90 100 104 129 132 141 156 159 163 177 179 206 226 228 231 236 239 243 246 256 263 286 288 299 309 316 323 327 328 345 351 365 366 394 401 407 420 425 433 441 444 483 487 499 taille 49
iterations 25 solution 4 40 54 61 74 75 104 127 129 132 141 148 152 156 159 162 163 175 177 179 206 209 226 231 236 239 243 247 256 263 288 299 309 316 323 327 328 345 351 394 397 401 425 433 441 469 483 486 487 499 taille 50
iterations 257 solution 2 40 54 61 124 127 129 132 141 148 152 159 162 163 175 177 179 206 209 226 231 236 242 246 247 255 263 286 288 299 300 309 313 316 323 327 331 340 345 351 354 365 366 379 385 394 401 433 441 480 483 taille 51
iterations 24 solution 40 44 51 54 61 124 127 129 132 141 148 152 159 163 175 177 179 206 209 226 231 236 242 246 247 255 256 263 286 288 299 309 310 316 323 327 331 340 345 351 354 366 379 385 394 397 401 433 441 480 483 487 taille 52
iterations 36 solution 11 36 40 50 51 54 61 68 127 129 132 141 148 152 155 159 175 177 179 181 196 204 206 209 226 232 242 246 247 256 284 288 299 309 310 318 327 328 345 351 354 364 366 377 385 394 397 401 425 433 441 483 496 taille 53
iterations 162 solution 11 36 40 50 51 54 61 68 74 96 127 129 132 141 148 152 159 175 177 179 204 206 209 226 232 236 242 246 247 284 288 299 300 309 310 313 316 318 327 328 345 351 354 364 366 377 394 397 401 425 433 441 483 499 taille 54
iterations 0 solution 35 55 67 74 87 100 152 156 159 166 177 180 200 201 226 231 239 259 263 266 286 288 300 309 316 327 328 359 361 365 377 379 388 391 401 420 433 441 482 483 486 488 499 taille 43
iterations 2 solution 35 55 67 74 87 100 156 159 166 172 174 177 180 200 201 226 231 239 259 263 266 286 288 300 309 316 327 328 359 361 365 377 379 388 391 401 420 433 441 482 483 486 488 499 taille 44
iterations 4 solution 35 55 67 74 87 98 100 141 159 166 172 174 177 180 200 201 226 231 239 259 263 266 286 288 309 316 325 327 328 359 361 365 377 379 388 391 393 401 420 433 441 482 483 486 499 taille 45
iterations 4 solution 35 67 74 75 87 98 100 141 159 166 172 174 177 180 200 201 226 231 239 243 259 263 266 288 309 316 325 327 328 359 361 365 377 388 391 393 401 420 423 433 441 446 482 483 486 499 taille 46
iterations 4 solution 35 74 75 87 98 100 141 159 166 172 174 177 180 200 201 215 226 228 231 239 243 259 263 264 266 288 309 316 323 325 327 328 359 361 365 377 388 391 393 401 433 441 446 482 483 486 499 taille 47
iterations 6 solution 35 74 87 89 98 100 110 141 159 166 172 174 177 180 200 215 226 228 231 239 259 263 264 266 286 288 309 316 323 325 327 328 359 361 363 365 379 388 391 393 401 433 441 446 464 482 483 486 taille 48
iterations 4 solution 35 55 74 87 89 98 100 141 166 172 174 177 180 200 215 224 226 228 231 239 259 263 264 266 286 288 309 316 323 325 327 328 359 361 363 365 377 379 388 391 393 401 433 441 464 470 482 483 486 taille 49
iterations 4 solution 35 52 55 74 87 89 94 100 141 156 166 172 174 177 180 200 224 226 228 231 239 259 263 264 266 286 290 309 316 323 325 327 328 359 361 363 365 377 379 388 391 393 401 433 441 464 470 482 483 486 taille 50
iterations 12 solution 35 52 74 87 89 94 141 156 166 172 174 180 200 209 224 226 228 239 263 264 286 290 309 320 323 325 327 328 351 359 361 363 365 377 379 388 391 393 431 433 439 441 446 459 464 470 482 483 486 494 496 taille 51
iterations 63 solution 9 34 35 52 55 74 87 89 94 108 156 166 172 174 177 192 200 209 224 226 228 239 279 286 290 299 303 309 320 323 327 328 351 359 361 363 377 379 388 391 393 401 431 433 439 441 449 464 482 483 486 496 taille 52
iterations 103 solution 9 34 35 52 55 74 76 87 89 100 102 150 156 166 172 174 177 204 224 226 239 264 279 288 290 303 309 320 326 327 328 361 363 376 377 379 388 389 391 393 401 406 431 433 439 441 449 470 482 483 486 488 496 taille 53
iterations 2510 solution 12 22 30 51 61 74 93 100 108 110 118 127 143 152 159 160 163 178 186 188 194 200 201 204 206 210 232 246 256 277 288 299 303 309 310 318 321 327 328 348 351 361 364 368 370 379 394 401 420 449 473 487 496 499 taille 54
iterations 0 solution 35 55 67 74 87 100 152 156 159 166 177 180 200 201 226 231 239 259 263 266 286 288 300 309 316 327 328 359 361 365 377 379 388 391 401 420 433 441 482 483 486 488 499 taille 43
iterations 2 solution 55 67 74 87 100 132 152 156 159 166 177 180 200 201 226 231 239 259 263 266 286 288 300 309 316 327 328 359 361 365 377 379 383 388 391 401 420 433 441 482 483 486 488 499 taille 44
iterations 2 solution 55 67 74 87 100 104 132 152 156 159 166 177 180 200 201 226 231 239 259 263 266 286 288 300 309 316 327 328 345 359 365 377 379 383 388 391 401 420 433 441 482 483 486 488 499 taille 45
iterations 3 solution 55 67 74 87 100 104 132 156 159 166 172 177 180 200 201 226 231 239 259 263 266 286 288 300 303 309 320 327 328 345 359 365 377 379 383 388 391 401 420 433 441 482 483 486 488 499 taille 46
iterations 5 solution 21 55 67 74 87 104 132 156 159 166 172 177 180 200 209 215 226 231 239 259 263 266 270 286 288 300 303 309 320 327 328 345 359 363 365 377 379 383 388 391 401 441 482 483 486 488 499 taille 47
iterations 1 solution 21 55 67 74 87 104 132 156 159 166 172 177 180 200 209 215 226 231 239 259 263 264 266 270 286 288 300 303 309 320 327 328 345 359 363 365 377 379 383 388 391 401 441 482 483 486 488 499 taille 48
iterations 6 solution 21 22 23 55 74 104 132 156 159 166 172 180 200 209 210 215 226 231 239 259 263 264 266 270 283 286 288 300 303 309 320 323 328 345 359 363 365 379 383 387 388 391 401 441 482 483 486 488 499 taille 49
iterations 14 solution 21 22 23 74 87 104 132 156 159 166 172 180 200 209 226 230 231 239 259 263 266 270 283 286 288 290 300 303 320 323 328 345 359 363 365 375 379 383 387 388 391 401 441 443 446 482 483 486 488 499 taille 50
iterations 32 solution 21 23 72 74 84 87 89 104 128 132 136 156 197 199 200 207 226 230 239 259 266 273 283 290 299 300 315 320 323 339 353 359 363 375 378 383 387 388 391 401 420 430 441 443 446 448 457 482 483 486 495 taille 51
iterations 28 solution 21 23 72 74 84 87 89 94 104 128 132 156 197 199 200 207 224 226 239 259 261 266 273 283 290 299 300 320 323 338 353 359 363 375 378 383 386 387 388 391 401 420 430 441 443 446 448 482 483 486 488 495 taille 52
iterations 259 solution 21 23 55 72 74 89 91 94 99 102 132 136 156 187 197 199 207 224 231 239 255 259 266 273 283 299 304 313 322 323 338 346 347 353 359 375 386 388 391 398 401 408 414 420 430 440 448 476 481 482 483 486 495 taille 53
iterations 2257 solution 11 18 21 55 60 65 72 87 102 132 136 150 152 166 177 181 197 200 204 207 209 239 265 266 279 284 290 299 300 309 327 338 341 345 350 351 359 363 386 387 391 403 408 425 428 440 441 448 449 482 483 485 486 494 taille 54
iterations 0 solution 35 55 67 74 87 100 152 156 159 166 177 180 200 201 226 231 239 259 263 266 286 288 300 309 316 327 328 359 361 365 377 379 388 391 401 420 433 441 482 483 486 488 499 taille 43
iterations 2 solution 35 55 67 74 87 100 104 152 156 159 166 177 180 200 201 226 231 239 259 263 266 286 288 300 309 316 327 328 345 359 365 377 379 388 391 401 420 433 441 482 483 486 488 499 taille 44
iterations 5 solution 67 74 87 100 104 132 152 156 159 166 177 180 197 200 226 231 239 259 263 266 286 288 300 309 316 327 328 345 359 363 377 379 383 388 391 401 420 433 441 446 482 483 486 488 499 taille 45
iterations 2 solution 67 74 76 87 100 104 132 152 156 159 166 177 180 197 200 226 231 239 259 263 266 288 300 309 316 327 328 345 359 363 377 379 383 386 388 391 401 420 433 441 446 482 483 486 488 499 taille 46
iterations 2 solution 67 74 76 87 100 104 132 152 156 159 166 177 180 186 197 200 226 231 239 259 263 266 288 300 309 316 327 328 345 363 377 379 383 386 388 391 401 420 422 433 441 446 482 483 486 488 499 taille 47
iterations 10 solution 10 67 74 76 100 104 132 152 156 159 175 177 186 197 200 204 226 239 259 263 266 288 300 309 315 327 328 345 363 377 379 383 386 391 397 401 420 422 433 441 446 482 483 485 486 488 495 499 taille 48
iterations 4 solution 10 74 76 100 104 132 152 156 159 175 177 186 197 200 226 231 239 259 263 266 288 299 300 309 315 323 327 328 345 363 377 379 383 386 388 391 397 401 420 422 433 441 446 482 483 486 488 495 499 taille 49
iterations 12 solution 10 37 54 76 100 104 124 132 152 156 159 175 177 186 197 210 226 231 259 266 288 299 300 309 315 316 323 327 328 345 363 377 379 383 388 391 397 401 412 420 422 441 446 457 480 482 483 486 488 499 taille 50
iterations 14 solution 10 18 37 54 62 67 76 104 124 132 152 156 159 175 177 186 197 208 210 226 231 238 244 259 266 288 300 309 315 316 327 328 363 379 383 388 391 397 401 412 420 422 441 446 457 480 482 483 486 488 499 taille 51
iterations 17 solution 10 18 34 37 54 62 67 70 74 76 96 100 104 124 132 137 150 156 172 175 177 186 197 210 226 231 238 244 266 272 288 300 310 316 327 328 379 383 388 397 401 412 420 421 422 446 457 482 483 486 488 499 taille 52
iterations 78 solution 9 10 37 54 62 67 70 74 76 96 100 104 107 114 117 124 127 132 137 150 156 175 186 206 210 227 247 249 266 272 288 293 310 316 327 328 350 377 379 383 388 412 420 421 432 438 443 457 482 483 486 488 499 taille 53
iterations 10 solution 9 10 20 37 54 62 67 70 74 76 96 104 107 114 120 124 127 132 156 175 186 206 208 210 227 247 249 266 288 293 300 310 316 327 328 350 352 377 379 383 388 412 420 421 432 438 441 443 457 482 483 486 488 499 taille 54
iterations 0 solution 35 55 67 74 87 100 152 156 159 166 177 180 200 201 226 231 239 259 263 266 286 288 300 309 316 327 328 359 361 365 377 379 388 391 401 420 433 441 482 483 486 488 499 taille 43
iterations 3 solution 35 55 67 74 87 100 152 156 166 177 180 200 201 226 231 239 243 259 263 266 286 288 300 309 316 327 328 359 361 365 377 388 391 401 420 433 441 470 482 483 486 488 489 499 taille 44
iterations 8 solution 35 55 67 87 100 122 152 163 166 177 200 201 226 231 239 259 263 266 288 295 300 309 316 327 328 345 359 365 379 386 388 389 391 401 420 433 441 470 472 482 483 486 488 489 499 taille 45
iterations 5 solution 35 55 67 100 110 122 152 163 166 177 200 201 231 239 259 263 266 286 288 295 300 309 316 318 327 328 345 359 365 379 388 389 391 401 414 420 428 433 441 470 472 482 483 486 489 499 taille 46
iterations 3 solution 35 55 67 100 110 122 152 163 166 177 200 201 210 211 231 259 263 266 286 288 295 300 309 316 318 327 328 345 359 365 379 388 389 391 401 414 420 428 429 441 470 472 482 483 486 489 499 taille 47
iterations 3 solution 35 55 67 100 110 122 152 163 166 177 200 201 210 211 231 243 259 262 263 266 286 288 295 300 309 316 318 327 328 345 359 365 388 389 391 401 408 414 420 428 429 441 470 472 482 483 486 489 taille 48
iterations 11 solution 55 67 100 110 120 122 152 163 168 177 200 201 211 221 231 243 255 259 262 263 266 286 288 295 300 316 318 328 345 359 365 388 389 391 401 408 414 420 428 429 433 451 470 472 473 482 483 486 489 taille 49
iterations 28 solution 8 12 22 31 55 56 67 100 110 120 122 123 127 163 175 183 200 211 221 231 243 248 263 266 271 286 288 300 316 318 327 328 345 351 359 365 367 375 388 389 405 428 468 470 472 473 482 486 489 499 taille 50
iterations 23 solution 8 10 12 16 31 40 56 58 100 110 120 122 123 127 163 178 183 200 206 211 221 231 263 265 271 286 288 290 318 327 328 345 351 359 365 367 379 405 414 428 451 468 470 472 473 482 486 487 489 496 499 taille 51
iterations 21 solution 10 12 16 25 31 35 40 55 56 58 100 101 110 120 122 123 127 135 141 152 163 200 206 211 221 231 263 265 271 286 288 290 300 323 327 328 345 351 359 365 367 379 414 451 470 472 473 482 486 489 496 499 taille 52
iterations 15 solution 10 12 16 25 31 35 40 55 56 58 67 100 101 110 120 122 127 135 141 152 163 179 181 196 200 206 211 231 263 265 271 286 288 292 300 309 318 327 328 345 351 359 365 367 379 414 470 472 482 486 489 496 499 taille 53
iterations 2201 solution 15 21 25 35 37 53 75 76 81 88 102 109 113 118 119 120 123 133 135 136 148 156 162 171 177 200 204 209 210 213 225 242 256 266 288 290 299 326 327 344 370 379 393 394 405 411 429 456 467 484 486 489 494 498 taille 54
