iterations 0 solution 3 23 29 30 33 66 101 102 103 114 133 154 166 180 241 286 298 320 321 326 352 374 385 389 407 419 435 439 470 473 482 508 516 527 535 541 575 627 659 687 692 696 730 739 745 792 830 843 886 897 934 946 985 taille 53
iterations 13 solution 3 23 30 33 66 101 102 103 114 132 150 154 166 180 235 241 286 298 320 334 352 374 389 407 419 435 439 470 473 482 487 488 508 516 527 535 575 627 659 687 692 696 730 745 759 792 830 843 861 886 897 934 946 985 taille 54
iterations 4 solution 3 23 30 33 66 101 102 103 114 132 150 154 166 180 235 241 286 298 320 334 352 374 389 407 419 435 439 473 482 487 488 508 527 535 575 623 633 659 687 692 696 730 744 745 759 792 830 843 861 886 897 934 946 947 985 taille 55
iterations 5 solution 3 29 30 33 66 102 103 114 150 154 166 180 235 241 286 298 320 334 352 374 389 405 407 419 435 439 473 482 487 488 508 517 527 535 575 586 623 633 659 674 687 692 696 730 744 745 792 830 843 861 886 897 934 946 947 985 taille 56
iterations 7 solution 3 30 66 76 103 114 135 150 154 166 235 241 286 298 320 334 352 374 389 405 407 419 435 439 442 473 482 487 488 508 517 527 535 575 579 586 590 623 633 659 674 687 696 730 744 745 792 830 843 861 881 886 897 934 946 947 985 taille 57
iterations 35 solution 3 15 30 76 103 112 114 132 150 154 166 180 282 286 298 316 320 334 352 374 389 401 405 407 419 435 438 439 473 482 484 487 488 508 517 535 575 579 586 590 633 659 687 696 706 744 745 759 784 792 843 881 889 891 897 928 946 985 taille 58
iterations 15 solution 3 15 29 30 51 76 102 103 112 114 132 154 166 180 235 282 298 316 320 321 334 352 374 389 401 405 407 419 435 439 473 482 484 487 488 508 517 535 579 586 633 658 659 687 696 706 709 744 745 757 784 792 826 843 881 889 891 928 985 taille 59
iterations 48 solution 15 30 51 76 81 102 103 112 114 132 154 163 166 180 190 235 282 286 298 316 320 321 334 366 374 389 401 405 407 419 435 439 442 473 484 487 508 517 535 579 586 633 658 659 687 696 706 709 744 745 757 784 792 843 861 881 891 928 973 985 taille 60
iterations 38 solution 3 15 33 76 102 114 132 154 163 166 190 219 235 262 282 298 320 321 334 351 356 389 401 405 407 419 424 439 442 473 476 484 487 508 517 519 531 543 586 608 621 633 658 668 687 696 706 709 717 730 744 745 757 784 792 829 861 910 928 943 973 taille 61
iterations 0 solution 3 23 29 30 33 66 101 102 103 114 133 154 166 180 241 286 298 320 321 326 352 374 385 389 407 419 435 439 470 473 482 508 516 527 535 541 575 627 659 687 692 696 730 739 745 792 830 843 886 897 934 946 985 taille 53
iterations 16 solution 3 15 29 30 33 56 66 96 101 102 103 114 133 154 166 180 184 286 298 320 352 366 374 385 389 407 419 435 439 468 470 473 480 508 516 527 535 541 575 618 627 659 674 687 692 696 711 739 745 792 830 843 897 985 taille 54
iterations 12 solution 3 23 29 30 33 56 66 101 103 114 131 133 154 166 180 184 241 286 298 320 352 366 374 385 389 407 435 439 470 473 480 508 516 527 535 541 575 590 618 621 659 674 687 692 696 711 739 745 792 843 886 897 947 977 985 taille 55
iterations 13 solution 3 15 23 29 30 66 101 103 114 131 133 154 180 184 235 286 298 320 321 352 366 385 389 407 435 439 468 470 473 480 487 508 516 527 529 535 575 590 618 659 674 687 692 696 711 770 792 830 843 885 897 914 929 947 977 985 taille 56
iterations 10 solution 3 15 23 29 30 56 66 101 103 131 133 154 180 184 235 286 298 320 325 339 352 366 385 389 407 435 439 468 470 473 487 508 516 527 529 535 567 590 618 621 659 687 692 696 711 745 770 792 823 843 885 897 914 934 947 977 985 taille 57
iterations 2 solution 3 15 23 29 30 56 66 101 103 131 133 154 180 184 235 286 298 320 325 339 352 366 385 389 407 435 439 468 470 473 487 508 516 529 535 567 590 618 621 659 676 687 692 696 711 745 770 772 792 823 843 885 897 914 934 947 977 985 taille 58
iterations 6 solution 3 15 29 30 66 96 101 103 115 131 133 154 180 184 235 286 298 320 321 325 352 366 385 435 439 468 470 473 487 508 516 529 535 567 585 590 618 621 659 674 676 687 692 696 711 745 770 772 792 823 843 885 897 914 934 947 964 977 985 taille 59
iterations 2 solution 3 15 29 30 66 96 101 103 115 131 133 154 159 180 184 235 286 298 320 321 325 339 352 366 385 435 439 468 470 473 487 508 516 529 535 567 585 590 618 621 659 676 687 692 696 711 745 770 772 792 823 843 885 897 914 934 947 964 977 985 taille 60
iterations 79 solution 3 15 22 30 53 66 71 101 102 106 109 115 120 124 133 167 184 231 240 250 262 286 290 298 320 321 325 339 352 366 385 430 439 468 470 487 497 498 566 618 621 687 692 700 711 727 745 757 761 765 772 827 843 857 871 883 885 890 897 914 934 taille 61
iterations 16 solution 3 15 22 30 66 71 96 101 102 103 106 109 115 120 124 133 167 221 231 250 262 286 290 298 320 321 325 339 352 366 382 385 430 437 439 468 487 497 498 566 585 614 621 687 692 700 727 745 757 761 765 772 806 815 827 843 857 871 885 890 897 914 taille 62
iterations 166 solution 15 22 29 30 42 71 96 101 103 106 109 115 131 133 136 184 221 250 262 286 320 321 322 339 352 366 374 379 385 439 468 470 487 497 516 567 585 590 618 621 627 687 692 716 745 761 765 770 806 823 827 831 834 843 865 871 890 897 914 934 963 987 990 taille 63
iterations 0 solution 3 23 29 30 33 66 101 102 103 114 133 154 166 180 241 286 298 320 321 326 352 374 385 389 407 419 435 439 470 473 482 508 516 527 535 541 575 627 659 687 692 696 730 739 745 792 830 843 886 897 934 946 985 taille 53
iterations 6 solution 3 23 30 33 66 101 102 103 114 133 154 166 180 204 241 298 320 321 326 352 389 407 419 435 439 443 470 473 482 488 508 516 527 535 541 627 659 687 692 696 730 739 745 759 792 830 843 861 886 897 934 946 985 987 taille 54
iterations 7 solution 3 33 66 101 102 103 114 133 154 159 166 180 188 241 286 298 320 321 326 352 407 419 435 439 443 470 473 482 488 498 508 517 527 535 541 627 659 687 692 696 730 739 744 745 759 792 830 843 856 886 897 934 946 985 987 taille 55
iterations 9 solution 3 33 66 101 103 114 132 133 154 159 166 180 188 204 241 298 320 321 352 366 407 419 435 439 443 455 470 473 488 498 508 516 517 527 535 541 590 621 627 687 692 696 730 739 745 759 792 793 843 856 878 886 897 934 985 987 taille 56
iterations 2 solution 3 33 66 101 103 114 132 133 154 159 166 180 188 204 241 298 320 321 352 353 366 407 419 435 439 443 455 470 473 488 498 508 516 517 527 535 541 590 627 687 692 696 730 739 745 759 792 793 830 843 856 878 886 897 934 985 987 taille 57
iterations 3 solution 3 66 101 103 132 133 154 159 166 180 188 204 241 298 320 321 344 352 353 366 407 419 435 439 443 455 470 473 488 498 508 516 517 527 535 541 590 610 627 687 692 696 730 739 745 759 792 793 823 830 843 856 878 886 897 934 985 987 taille 58
iterations 19 solution 3 30 101 103 132 133 154 159 166 180 204 231 235 241 298 320 321 344 353 366 407 419 435 439 443 455 470 473 488 498 508 516 517 527 535 541 590 610 625 647 658 687 692 730 745 759 792 793 830 843 861 878 886 897 934 947 985 987 999 taille 59
iterations 21 solution 3 101 103 132 133 141 148 154 159 163 166 180 204 231 235 241 298 320 321 344 353 366 375 407 419 435 439 443 455 470 473 498 508 517 527 535 541 590 610 625 647 658 687 692 730 744 745 759 792 823 830 843 856 878 886 934 947 985 987 999 taille 60
iterations 4 solution 3 33 101 103 132 133 141 148 154 159 163 166 180 204 235 241 298 320 321 344 351 353 366 375 407 419 435 439 443 455 470 473 498 508 517 527 535 541 590 625 647 658 687 692 696 730 744 745 759 792 830 843 856 861 878 886 934 947 985 987 999 taille 61
iterations 16 solution 3 33 101 103 125 132 133 141 148 154 159 163 166 180 204 241 298 320 321 344 351 353 375 400 407 419 435 443 455 457 470 473 482 498 508 517 521 527 531 535 541 590 606 625 647 658 687 696 706 730 744 745 759 792 830 843 856 861 878 947 987 999 taille 62
iterations 0 solution 3 23 29 30 33 66 101 102 103 114 133 154 166 180 241 286 298 320 321 326 352 374 385 389 407 419 435 439 470 473 482 508 516 527 535 541 575 627 659 687 692 696 730 739 745 792 830 843 886 897 934 946 985 taille 53
iterations 12 solution 3 15 29 30 33 66 96 102 112 114 133 154 174 180 235 286 298 320 321 326 352 365 374 385 389 405 407 419 435 439 470 473 482 508 535 541 575 618 627 659 687 692 693 696 745 792 830 843 886 897 934 946 985 1000 taille 54
iterations 3 solution 3 15 29 30 33 66 96 102 112 114 132 133 154 174 180 235 282 286 298 320 321 352 365 374 385 389 405 407 419 435 439 470 473 482 508 535 541 575 618 633 659 687 692 693 696 745 792 830 843 886 897 934 946 985 1000 taille 55
iterations 2 solution 3 15 29 30 33 66 96 102 112 114 132 133 154 174 180 235 282 286 298 320 321 352 365 374 385 389 405 407 419 435 439 470 473 482 508 535 541 575 586 618 633 659 687 692 693 696 744 745 792 830 843 886 897 934 946 985 taille 56
iterations 14 solution 3 30 33 66 96 102 114 132 133 154 174 180 235 241 282 298 320 321 352 365 374 385 389 405 435 439 470 473 482 487 508 529 535 539 575 586 618 633 659 687 689 693 696 745 759 792 826 830 843 886 897 934 938 943 946 964 985 taille 57
iterations 9 solution 3 15 30 33 66 76 96 114 125 132 133 143 174 180 235 282 298 318 320 321 352 365 374 385 389 405 435 439 470 473 478 482 487 508 535 539 575 586 633 659 678 687 689 693 696 744 759 792 826 830 843 897 902 934 938 943 946 964 taille 58
iterations 2 solution 3 15 30 33 66 76 96 102 114 125 132 133 143 174 180 235 282 298 318 320 321 352 365 374 385 389 405 435 439 470 473 482 487 508 535 539 575 585 586 633 659 678 687 689 693 696 744 759 792 826 830 843 897 902 934 938 943 946 964 taille 59
iterations 2 solution 3 15 30 33 66 76 96 102 114 125 132 133 143 174 180 235 262 282 298 318 320 321 352 365 374 385 389 405 439 470 473 482 487 508 535 539 575 585 586 633 659 678 687 689 693 696 744 759 769 792 826 830 843 897 902 934 938 943 946 964 taille 60
iterations 5 solution 3 15 30 33 37 66 76 96 102 114 125 132 133 143 174 180 213 235 262 282 298 318 321 352 365 374 385 389 395 470 473 482 487 508 535 539 575 585 586 633 659 678 687 689 693 696 726 744 759 769 774 792 826 830 897 902 934 938 943 946 964 taille 61
iterations 60 solution 3 15 29 33 66 76 114 125 132 133 143 152 180 183 195 207 213 235 244 258 260 262 276 298 321 352 365 374 375 395 470 473 475 482 487 508 531 535 539 564 567 569 580 582 597 616 639 687 689 693 696 726 744 749 774 826 830 835 895 902 946 964 taille 62
iterations 43 solution 3 15 33 66 76 79 114 125 132 133 143 152 180 183 207 213 244 258 260 262 273 276 298 321 339 352 365 374 375 395 455 470 473 475 482 487 508 531 535 539 564 567 569 573 582 597 616 639 678 687 693 696 726 749 759 774 826 835 895 902 946 951 964 taille 63
iterations 0 solution 3 23 29 30 33 66 101 102 103 114 133 154 166 180 241 286 298 320 321 326 352 374 385 389 407 419 435 439 470 473 482 508 516 527 535 541 575 627 659 687 692 696 730 739 745 792 830 843 886 897 934 946 985 taille 53
iterations 11 solution 3 29 30 33 66 96 101 102 114 133 154 166 174 180 241 320 321 352 374 385 389 407 419 435 439 470 473 480 482 508 516 527 535 539 541 575 580 618 627 659 674 687 692 696 739 745 792 830 834 843 886 897 946 985 taille 54
iterations 15 solution 3 30 33 66 101 102 114 133 154 166 174 180 241 286 321 352 374 375 389 407 419 435 439 462 465 473 476 480 482 488 498 508 517 521 527 535 536 539 541 575 618 627 659 674 687 696 739 792 830 834 843 861 886 929 946 taille 55
iterations 2 solution 3 30 33 66 101 102 114 133 154 166 174 180 241 286 298 321 352 374 375 389 407 419 435 439 462 465 473 476 480 482 488 498 508 517 521 527 535 536 539 541 573 575 618 627 659 674 687 696 739 792 830 843 861 886 929 946 taille 56
iterations 17 solution 3 30 33 66 101 102 114 133 148 154 176 180 241 286 298 321 330 352 375 389 407 435 439 462 465 473 476 480 482 483 487 488 498 508 517 536 539 573 575 618 627 659 674 678 687 692 696 701 739 792 830 843 849 861 902 913 946 taille 57
iterations 2 solution 3 30 33 46 66 101 102 114 133 148 154 176 180 241 286 298 321 330 352 375 389 407 435 439 462 465 473 476 480 482 483 487 488 498 508 517 535 536 539 573 575 618 627 659 674 678 687 692 696 701 739 792 830 843 861 902 913 946 taille 58
iterations 6 solution 3 30 33 46 66 101 102 114 133 143 148 154 176 180 286 298 320 321 330 352 375 389 407 435 437 439 465 473 476 480 482 483 487 488 498 508 517 535 536 539 573 575 627 659 674 678 687 692 696 701 739 792 830 843 861 902 913 946 1000 taille 59
iterations 12 solution 3 15 30 33 46 66 96 101 102 114 133 148 154 176 180 271 286 317 320 321 330 352 375 389 407 437 473 476 480 482 483 487 488 498 508 535 539 564 573 575 618 627 642 659 674 678 687 692 696 701 739 745 781 792 830 902 913 946 955 1000 taille 60
iterations 2 solution 3 15 30 46 66 96 101 102 114 133 148 154 176 180 271 286 317 320 321 330 352 375 389 407 437 473 476 480 482 483 487 488 498 508 535 539 564 573 575 618 627 642 659 674 678 687 692 696 701 739 745 781 792 830 891 902 913 946 952 955 1000 taille 61
iterations 6 solution 3 15 30 46 66 91 96 101 102 114 133 148 154 176 180 271 286 289 317 321 330 352 375 385 389 407 437 473 476 480 482 483 487 498 508 535 539 564 575 604 618 642 659 674 678 692 696 701 739 745 781 792 794 830 891 902 913 946 947 952 955 1000 taille 62
iterations 8 solution 3 15 30 46 66 96 101 102 114 133 148 154 176 180 239 271 286 289 317 321 330 352 375 385 389 407 437 473 476 482 483 487 498 508 535 539 564 573 575 604 618 633 642 659 674 678 687 692 696 701 739 745 781 792 830 891 902 913 946 947 952 955 1000 taille 63
iterations 125 solution 3 15 46 59 66 72 96 101 102 132 133 148 196 239 271 286 317 320 344 352 385 389 407 413 427 437 482 483 487 498 527 535 539 544 564 573 575 604 623 633 659 670 687 692 696 701 706 733 739 745 759 769 792 823 830 831 863 871 891 902 913 915 947 952 taille 64
