iterations 0 solution 2 3 30 43 53 59 75 77 81 90 95 101 115 116 118 122 135 143 149 151 165 168 178 206 211 215 220 222 227 233 247 253 279 292 293 294 302 340 342 360 364 375 388 390 400 taille 45
iterations 3 solution 2 3 15 30 43 53 59 75 77 81 90 95 101 112 115 116 118 122 135 140 143 151 165 168 178 206 211 215 220 222 227 233 247 253 279 292 294 302 340 342 360 364 375 388 390 400 taille 46
iterations 15 solution 2 3 30 43 59 75 81 95 101 112 116 122 135 140 141 143 146 149 165 168 178 182 195 206 211 215 220 227 233 247 253 279 285 294 298 302 303 340 350 355 360 364 375 377 388 389 390 taille 47
iterations 1 solution 2 3 30 43 59 75 81 95 101 112 116 122 135 140 141 143 146 149 165 168 178 182 195 206 211 215 220 227 233 247 253 279 285 294 298 302 303 338 340 350 355 360 364 375 377 388 389 390 taille 48
iterations 19 solution 2 3 15 30 34 43 59 75 81 95 101 110 112 115 116 118 135 140 145 146 162 165 168 182 195 206 208 215 220 227 233 247 253 279 285 287 294 298 302 303 317 338 342 355 360 364 375 390 400 taille 49
iterations 62 solution 2 3 8 15 52 53 59 75 81 89 95 101 110 116 135 140 145 146 155 162 165 166 168 182 195 206 215 220 226 227 233 253 279 285 294 295 302 303 317 338 340 350 355 357 360 372 373 390 391 400 taille 50
iterations 2676 solution 18 30 51 53 59 67 70 75 90 91 94 101 102 103 110 111 122 139 146 147 149 169 178 208 211 220 222 227 233 235 239 247 257 270 275 277 281 292 294 309 350 361 363 374 375 378 388 389 390 395 400 taille 51
iterations 285 solution 2 3 16 23 25 28 34 51 53 55 58 59 73 77 94 96 101 103 110 116 118 134 142 149 174 190 211 222 227 230 231 247 250 270 284 292 294 307 324 338 340 361 362 363 364 374 383 384 388 389 397 400 taille 52
iterations 50 solution 2 3 16 23 25 28 34 51 55 58 59 73 77 91 94 95 96 101 103 116 118 134 143 149 174 190 206 211 224 227 231 246 247 262 270 284 292 293 294 307 324 358 361 362 364 374 375 383 384 388 389 397 400 taille 53
iterations 124 solution 9 16 25 30 43 55 58 67 69 93 95 101 102 104 105 112 116 117 122 126 140 145 150 157 162 171 177 180 190 195 225 230 243 245 246 250 262 265 279 284 292 338 341 347 368 374 381 383 387 389 391 395 399 400 taille 54
iterations 1 solution 9 16 25 30 43 55 58 67 69 93 95 101 102 104 105 112 116 117 122 126 140 145 150 157 162 171 177 180 190 195 205 225 230 243 245 246 250 262 265 279 284 292 338 341 347 368 374 381 383 387 389 391 395 399 400 taille 55
iterations 1 solution 9 16 25 30 43 55 58 60 67 69 93 95 101 102 104 105 112 116 117 122 126 140 145 150 157 162 171 177 180 190 195 205 225 230 243 245 246 250 262 265 279 284 292 338 341 347 368 374 381 383 387 389 391 395 399 400 taille 56
iterations 2 solution 9 16 25 30 43 55 58 60 67 69 93 95 101 102 104 105 112 116 117 126 140 145 150 155 157 162 171 177 180 190 195 205 225 230 243 245 246 250 262 265 279 284 292 308 338 341 347 368 374 381 383 387 389 391 395 399 400 taille 57
iterations 2 solution 9 16 25 30 43 48 55 58 60 67 69 93 95 101 102 104 105 112 116 117 126 134 140 145 150 155 157 162 171 177 180 190 195 205 225 230 243 245 246 250 262 265 279 284 292 308 338 341 347 368 374 381 383 387 389 395 399 400 taille 58
iterations 2 solution 9 16 25 30 43 48 55 58 60 67 69 93 95 101 102 104 105 112 116 117 126 134 140 145 150 155 157 162 163 171 177 180 190 195 205 225 230 243 245 246 250 262 265 279 284 308 314 338 341 347 368 374 381 383 387 389 395 399 400 taille 59
iterations 2 solution 9 16 25 30 43 48 55 58 60 67 69 93 95 99 101 102 104 105 112 116 117 126 134 140 145 150 155 157 162 163 171 177 180 190 205 225 230 243 245 246 250 262 265 279 284 308 314 335 338 341 347 368 374 381 383 387 389 395 399 400 taille 60
iterations 1 solution 9 16 25 30 43 48 50 55 58 60 67 69 93 95 99 101 102 104 105 112 116 117 126 134 140 145 150 155 157 162 163 171 177 180 190 205 225 230 243 245 246 250 262 265 279 284 308 314 335 338 341 347 368 374 381 383 387 389 395 399 400 taille 61
iterations 2 solution 9 11 16 25 27 30 43 48 50 55 58 60 67 69 93 95 99 101 102 104 105 112 117 126 134 140 145 150 155 157 162 163 171 177 180 190 205 225 230 243 245 246 250 262 265 279 284 308 314 335 338 341 347 368 374 381 383 387 389 395 399 400 taille 62
iterations 2 solution 6 9 11 16 25 27 30 43 48 50 55 58 60 67 69 93 95 99 101 102 104 105 112 117 126 132 134 140 145 150 155 157 162 163 171 177 180 190 205 225 230 243 245 246 250 265 279 284 308 314 335 338 341 347 368 374 381 383 387 389 395 399 400 taille 63
iterations 2 solution 6 9 11 16 25 27 30 43 48 50 55 58 60 67 69 93 95 99 101 102 104 105 112 117 126 132 134 140 143 145 150 155 157 163 171 177 180 190 205 225 230 243 245 246 250 265 279 284 308 314 333 335 338 341 347 368 374 381 383 387 389 395 399 400 taille 64
iterations 1 solution 6 9 11 16 25 27 30 43 48 50 55 58 60 67 69 93 95 99 101 102 104 105 112 117 126 132 134 140 143 145 150 155 157 163 171 174 177 180 190 205 225 230 243 245 246 250 265 279 284 308 314 333 335 338 341 347 368 374 381 383 387 389 395 399 400 taille 65
iterations 2 solution 6 9 11 16 25 27 30 43 48 50 55 58 60 67 69 93 95 99 101 102 104 105 112 117 126 132 134 140 143 145 150 155 157 163 171 174 177 180 196 205 225 230 243 245 246 250 265 279 284 308 314 333 335 338 341 347 359 368 374 381 383 387 389 395 399 400 taille 66
iterations 1 solution 6 9 11 16 25 27 30 43 48 50 54 55 58 60 67 69 93 95 99 101 102 104 105 112 117 126 132 134 140 143 145 150 155 157 163 171 174 177 180 196 205 225 230 243 245 246 250 265 279 284 308 314 333 335 338 341 347 359 368 374 381 383 387 389 395 399 400 taille 67
iterations 2 solution 6 9 11 16 25 27 30 48 50 54 55 58 60 67 69 93 95 99 101 102 104 105 106 112 117 126 132 134 140 143 145 150 155 157 163 171 174 177 180 192 196 205 225 230 243 245 246 250 265 279 284 308 314 333 335 338 341 347 359 368 374 381 383 387 389 395 399 400 taille 68
iterations 2 solution 6 9 11 16 25 27 30 48 50 54 55 58 60 67 93 95 99 101 102 104 105 106 112 117 124 126 132 134 140 143 145 150 155 157 163 171 174 177 180 192 196 205 225 230 243 245 246 250 265 279 284 301 308 314 333 335 338 341 347 359 368 374 381 383 387 389 395 399 400 taille 69
iterations 2 solution 6 9 11 16 25 27 30 48 50 54 55 58 60 67 93 95 99 101 102 104 105 106 112 113 117 124 126 132 134 140 143 145 150 155 157 163 171 174 177 180 192 196 205 225 230 243 245 246 250 265 284 301 308 314 333 335 338 341 345 347 359 368 374 381 383 387 389 395 399 400 taille 70
iterations 1 solution 6 9 11 16 25 27 30 48 50 54 55 58 60 67 93 95 99 101 102 104 105 106 112 113 117 124 126 132 134 140 143 145 150 155 157 163 171 174 177 180 192 196 205 225 230 243 245 246 250 263 265 284 301 308 314 333 335 338 341 345 347 359 368 374 381 383 387 389 395 399 400 taille 71
iterations 2 solution 6 9 11 16 25 27 30 48 50 54 55 58 60 67 93 95 99 101 102 104 105 106 112 113 117 121 124 126 132 140 143 145 150 155 157 163 171 174 177 180 192 196 205 225 230 243 245 246 250 263 265 284 301 308 314 333 335 338 341 345 347 359 368 374 381 383 387 389 391 395 399 400 taille 72
iterations 1 solution 6 9 11 16 25 27 30 48 50 54 55 58 60 67 93 95 99 101 102 104 105 106 112 113 117 121 124 126 132 140 143 145 150 155 157 163 171 174 177 180 192 196 205 225 230 243 245 246 250 263 265 284 301 308 314 322 333 335 338 341 345 347 359 368 374 381 383 387 389 391 395 399 400 taille 73
iterations 2 solution 6 9 11 16 18 25 27 30 48 50 54 55 58 60 67 93 95 99 101 102 104 105 106 112 113 117 121 124 132 140 142 143 145 150 155 157 163 171 174 177 180 192 196 205 225 230 243 245 246 250 263 265 284 301 308 314 322 333 335 338 341 345 347 359 368 374 381 383 387 389 391 395 399 400 taille 74
iterations 1 solution 6 9 11 16 18 25 27 30 48 50 54 55 58 60 67 93 95 99 101 102 104 105 106 112 113 117 121 124 132 140 142 143 145 150 155 157 163 171 174 177 180 192 196 205 222 225 230 243 245 246 250 263 265 284 301 308 314 322 333 335 338 341 345 347 359 368 374 381 383 387 389 391 395 399 400 taille 75
iterations 0 solution 2 3 30 43 53 59 75 77 81 90 95 101 115 116 118 122 135 143 149 151 165 168 178 206 211 215 220 222 227 233 247 253 279 292 293 294 302 340 342 360 364 375 388 390 400 taille 45
iterations 2 solution 2 3 30 43 51 53 59 75 77 81 90 95 101 115 116 118 122 135 143 149 165 168 178 206 211 215 220 222 227 229 233 247 253 279 292 293 294 302 340 342 360 364 375 388 390 400 taille 46
iterations 1 solution 2 3 30 43 51 53 59 75 77 81 90 95 101 115 116 118 122 135 143 146 149 165 168 178 206 211 215 220 222 227 229 233 247 253 279 292 293 294 302 340 342 360 364 375 388 390 400 taille 47
iterations 11 solution 2 3 30 43 51 55 59 75 77 89 90 94 95 101 102 111 115 116 122 135 143 146 149 168 206 208 211 215 220 222 227 229 233 247 253 292 293 294 298 302 325 342 360 375 388 390 391 400 taille 48
iterations 27 solution 2 3 30 43 51 53 55 59 75 77 81 90 95 101 102 116 135 146 149 162 168 178 206 211 215 220 222 227 229 233 247 253 270 279 287 292 293 294 302 325 340 342 360 375 388 389 390 391 400 taille 49
iterations 14 solution 2 3 29 30 43 51 55 59 75 77 81 90 91 95 101 116 135 143 146 149 150 155 168 178 206 211 215 220 224 227 229 233 247 253 270 275 279 292 293 294 325 340 342 355 360 375 388 389 390 400 taille 50
iterations 14 solution 2 3 30 43 51 55 59 75 90 91 94 95 101 111 116 118 134 135 143 146 149 150 155 168 178 195 206 208 211 215 220 224 227 229 233 247 253 270 275 292 293 294 325 350 355 360 375 388 389 390 400 taille 51
iterations 285 solution 2 3 6 9 15 23 43 53 58 75 87 90 91 94 95 111 116 118 126 130 134 146 150 162 168 178 195 208 211 216 220 227 233 247 250 253 270 287 292 293 294 350 355 357 361 378 388 389 390 392 393 400 taille 52
iterations 1173 solution 6 24 25 48 60 67 99 102 106 116 117 121 124 142 145 149 150 151 171 174 180 187 192 196 205 210 215 230 243 245 246 250 279 284 289 292 295 338 341 352 353 357 359 366 368 369 374 376 379 381 383 391 395 taille 53
iterations 3 solution 6 24 25 48 60 67 95 99 102 105 106 116 117 121 124 142 145 150 151 171 174 180 187 192 196 205 210 215 230 243 245 246 250 279 284 289 292 295 338 341 352 353 357 359 366 368 374 376 379 381 383 391 395 399 taille 54
iterations 4 solution 6 24 25 48 60 67 95 99 102 105 106 116 117 121 124 142 145 150 151 162 171 180 187 192 196 205 210 215 222 230 243 245 246 250 263 284 289 292 295 338 341 345 352 357 359 366 368 374 376 379 381 383 391 395 399 taille 55
iterations 2 solution 6 24 25 48 60 67 95 99 102 104 105 106 116 117 121 124 142 145 150 151 155 162 171 180 187 192 196 205 215 222 230 243 245 246 250 263 284 289 292 295 338 341 345 352 357 359 366 368 374 376 379 381 383 391 395 399 taille 56
iterations 13 solution 6 25 48 54 60 67 95 99 102 104 106 116 117 121 124 142 143 145 149 150 151 155 171 174 180 187 192 196 205 222 230 243 245 246 250 263 284 289 295 308 314 338 341 345 347 352 359 366 368 374 376 379 381 383 391 395 399 taille 57
iterations 4 solution 6 25 30 48 54 60 67 95 96 99 102 104 106 112 116 117 121 124 142 143 145 149 150 151 155 174 180 187 192 196 205 215 222 230 243 245 246 250 263 284 289 295 314 338 341 345 347 352 359 366 368 374 376 381 383 391 395 399 taille 58
iterations 7 solution 6 16 25 30 48 54 60 67 95 96 99 102 104 106 112 116 117 121 124 140 142 143 145 149 150 151 155 163 174 180 192 196 205 215 222 230 243 245 246 250 263 284 314 333 338 341 345 347 359 366 368 374 376 381 383 389 391 395 399 taille 59
iterations 1 solution 6 16 25 30 48 50 54 60 67 95 96 99 102 104 106 112 116 117 121 124 140 142 143 145 149 150 151 155 163 174 180 192 196 205 215 222 230 243 245 246 250 263 284 314 333 338 341 345 347 359 366 368 374 376 381 383 389 391 395 399 taille 60
iterations 1 solution 6 16 25 30 48 50 54 60 67 95 96 99 102 104 106 112 116 117 121 124 140 142 143 145 149 150 151 155 163 174 180 192 196 205 215 222 230 243 245 246 250 263 284 314 333 338 341 345 347 359 366 368 374 376 381 383 389 391 395 399 400 taille 61
iterations 2 solution 6 16 25 30 48 50 54 60 67 95 99 102 104 106 112 113 116 117 121 124 140 142 143 145 149 150 151 155 163 174 180 192 196 205 215 222 230 243 245 246 250 263 284 314 322 333 338 341 345 347 359 366 368 374 376 381 383 389 391 395 399 400 taille 62
iterations 1 solution 6 9 16 25 30 48 50 54 60 67 95 99 102 104 106 112 113 116 117 121 124 140 142 143 145 149 150 151 155 163 174 180 192 196 205 215 222 230 243 245 246 250 263 284 314 322 333 338 341 345 347 359 366 368 374 376 381 383 389 391 395 399 400 taille 63
iterations 1 solution 6 9 16 25 30 48 50 54 60 67 95 99 102 104 106 112 113 116 117 121 124 140 142 143 145 149 150 151 155 163 171 174 180 192 196 205 215 222 230 243 245 246 250 263 284 314 322 333 338 341 345 347 359 366 368 374 376 381 383 389 391 395 399 400 taille 64
iterations 2 solution 6 9 16 25 30 48 50 54 60 67 95 99 102 104 106 112 113 116 117 121 124 132 140 142 143 145 149 150 151 155 163 171 174 180 192 196 205 215 222 230 243 245 246 250 263 284 314 322 333 335 338 341 345 347 359 366 368 374 381 383 389 391 395 399 400 taille 65
iterations 1 solution 6 9 16 25 30 48 50 54 55 60 67 95 99 102 104 106 112 113 116 117 121 124 132 140 142 143 145 149 150 151 155 163 171 174 180 192 196 205 215 222 230 243 245 246 250 263 284 314 322 333 335 338 341 345 347 359 366 368 374 381 383 389 391 395 399 400 taille 66
iterations 3 solution 6 9 16 25 30 48 50 54 55 60 67 95 99 102 104 105 106 112 113 116 117 121 124 132 140 142 143 145 150 151 155 163 171 174 177 180 192 196 205 222 230 243 245 246 250 263 284 308 314 322 333 335 338 341 345 347 359 366 368 374 381 383 389 391 395 399 400 taille 67
iterations 2 solution 6 9 11 16 25 30 48 50 54 55 60 67 95 99 102 104 105 106 112 113 117 121 124 132 140 142 143 145 150 151 155 163 171 174 177 180 192 196 205 222 230 243 245 246 250 263 284 301 308 314 322 333 335 338 341 345 347 359 366 368 374 381 383 389 391 395 399 400 taille 68
iterations 1 solution 6 9 11 16 18 25 30 48 50 54 55 60 67 95 99 102 104 105 106 112 113 117 121 124 132 140 142 143 145 150 151 155 163 171 174 177 180 192 196 205 222 230 243 245 246 250 263 284 301 308 314 322 333 335 338 341 345 347 359 366 368 374 381 383 389 391 395 399 400 taille 69
iterations 1 solution 6 9 11 16 18 25 27 30 48 50 54 55 60 67 95 99 102 104 105 106 112 113 117 121 124 132 140 142 143 145 150 151 155 163 171 174 177 180 192 196 205 222 230 243 245 246 250 263 284 301 308 314 322 333 335 338 341 345 347 359 366 368 374 381 383 389 391 395 399 400 taille 70
iterations 2 solution 6 9 11 16 18 25 27 30 48 50 54 55 58 60 67 95 99 101 102 104 105 106 112 113 117 121 124 132 140 142 143 145 150 151 155 163 171 174 177 180 192 196 205 222 230 243 245 246 250 263 284 301 308 314 322 333 335 338 341 345 347 359 368 374 381 383 389 391 395 399 400 taille 71
iterations 1 solution 6 9 11 16 18 25 27 30 48 50 54 55 58 60 67 95 99 101 102 104 105 106 112 113 117 121 124 132 140 142 143 145 150 151 155 163 171 174 177 180 192 196 205 222 230 243 245 246 250 263 284 301 308 314 322 333 335 338 341 345 347 359 368 374 381 383 387 389 391 395 399 400 taille 72
iterations 2 solution 6 9 11 16 18 25 27 30 48 50 54 55 58 60 67 95 99 101 102 104 105 106 112 113 117 121 124 132 140 142 143 145 150 155 157 163 171 174 177 180 192 196 205 222 230 243 245 246 250 263 265 284 301 308 314 322 333 335 338 341 345 347 359 368 374 381 383 387 389 391 395 399 400 taille 73
iterations 1 solution 6 9 11 16 18 25 27 30 48 50 54 55 58 60 67 93 95 99 101 102 104 105 106 112 113 117 121 124 132 140 142 143 145 150 155 157 163 171 174 177 180 192 196 205 222 230 243 245 246 250 263 265 284 301 308 314 322 333 335 338 341 345 347 359 368 374 381 383 387 389 391 395 399 400 taille 74
iterations 1 solution 6 9 11 16 18 25 27 30 48 50 54 55 58 60 67 93 95 99 101 102 104 105 106 112 113 117 121 124 132 140 142 143 145 150 155 157 163 171 174 177 180 192 196 205 222 225 230 243 245 246 250 263 265 284 301 308 314 322 333 335 338 341 345 347 359 368 374 381 383 387 389 391 395 399 400 taille 75
iterations 0 solution 2 3 30 43 53 59 75 77 81 90 95 101 115 116 118 122 135 143 149 151 165 168 178 206 211 215 220 222 227 233 247 253 279 292 293 294 302 340 342 360 364 375 388 390 400 taille 45
iterations 2 solution 2 3 30 43 53 55 59 75 77 81 90 95 101 115 116 118 122 135 143 149 151 168 178 206 211 215 220 222 227 233 247 253 279 292 293 294 302 325 340 342 360 364 375 388 390 400 taille 46
iterations 2 solution 2 3 30 43 53 55 59 75 77 81 90 94 95 101 115 116 118 122 135 143 149 151 168 178 206 211 215 220 222 227 233 247 253 292 293 294 302 325 340 342 345 360 364 375 388 390 400 taille 47
iterations 7 solution 2 3 30 43 53 55 59 75 90 94 95 101 110 111 115 116 118 122 134 135 149 151 162 168 178 195 211 215 220 222 227 233 247 250 253 292 293 294 302 325 340 345 360 364 388 390 393 400 taille 48
iterations 3 solution 2 3 30 43 53 55 59 75 90 94 95 101 110 111 116 118 122 134 135 149 151 162 168 178 195 211 215 220 222 227 233 247 253 270 292 293 294 302 325 340 345 360 364 375 388 389 390 393 400 taille 49
iterations 9 solution 2 3 6 29 30 34 43 53 55 59 75 90 94 95 101 110 111 116 134 135 142 149 162 168 195 211 215 220 222 227 233 247 250 253 270 287 292 293 294 325 340 345 350 360 364 388 389 390 393 400 taille 50
iterations 13 solution 2 3 6 9 15 30 43 51 53 55 59 75 90 91 94 95 101 111 116 118 133 134 142 143 146 150 155 168 178 195 202 211 215 220 222 227 233 247 250 253 270 275 292 294 325 340 350 360 389 390 400 taille 51
iterations 822 solution 2 3 9 24 30 42 43 51 53 55 57 58 75 77 87 90 91 94 95 102 110 111 116 126 146 149 155 162 178 208 211 220 225 233 250 257 270 274 292 293 294 350 355 361 374 378 388 389 390 391 395 400 taille 52
iterations 917 solution 2 3 6 9 24 30 43 53 58 75 87 90 91 94 95 111 113 116 118 126 130 134 146 150 155 157 162 178 208 211 216 220 227 229 240 247 250 270 292 293 294 350 355 357 359 374 378 388 389 390 393 395 400 taille 53
iterations 1413 solution 9 11 16 19 25 27 30 43 48 52 55 60 73 82 95 99 101 104 122 132 140 145 150 151 171 174 178 180 196 206 215 222 230 234 238 241 243 245 246 263 267 301 322 333 338 341 345 359 374 381 384 387 389 391 taille 54
iterations 6 solution 9 11 16 19 25 27 30 43 48 55 58 60 73 82 95 99 101 104 132 140 145 150 151 171 174 177 178 180 196 205 206 222 230 238 241 243 245 246 267 270 301 322 333 335 338 341 345 359 374 381 383 384 387 389 391 taille 55
iterations 2 solution 9 11 16 19 25 27 30 43 48 55 58 60 82 95 99 101 104 132 140 145 150 151 158 171 174 177 178 180 196 205 206 222 230 238 241 243 245 246 267 270 301 308 322 333 335 338 341 345 359 374 381 383 384 387 389 391 taille 56
iterations 2 solution 9 11 16 19 25 27 30 43 48 50 55 58 60 82 95 99 101 104 132 140 143 145 150 151 158 171 174 177 178 180 196 205 206 222 230 238 241 243 245 246 270 301 308 322 333 335 338 341 345 359 374 381 383 384 387 389 391 taille 57
iterations 1 solution 9 11 16 19 25 27 30 43 48 50 55 58 60 82 95 99 101 104 132 140 143 145 150 151 158 171 174 177 178 180 196 205 206 222 230 238 241 243 245 246 270 301 308 322 333 335 338 341 345 359 374 381 383 384 387 389 391 395 taille 58
iterations 2 solution 9 11 16 19 25 27 30 43 48 50 54 55 58 60 82 95 99 101 104 113 132 140 143 145 150 151 158 171 174 177 178 180 196 205 206 222 230 238 241 243 245 246 270 301 308 322 333 335 338 341 345 359 374 381 383 387 389 391 395 taille 59
iterations 5 solution 9 11 16 18 19 25 27 30 43 48 50 54 55 58 82 95 99 101 104 113 132 140 143 145 150 157 171 174 177 178 180 196 205 206 222 230 238 241 243 245 246 263 265 301 308 322 333 335 338 341 345 359 362 374 381 383 387 389 391 395 taille 60
iterations 2 solution 9 11 16 18 25 27 30 43 48 50 54 55 58 82 95 99 101 102 104 113 132 140 143 145 150 157 171 174 177 178 180 196 205 206 222 230 238 241 243 245 246 263 265 284 301 308 322 333 335 338 341 345 359 362 374 381 383 387 389 391 395 taille 61
iterations 1 solution 9 11 16 18 25 27 30 43 48 50 54 55 58 82 95 99 101 102 104 113 132 140 143 145 150 157 171 174 177 178 180 196 205 206 222 230 238 241 243 245 246 263 265 284 301 308 322 333 335 338 341 345 359 362 374 381 383 387 389 391 395 399 taille 62
iterations 5 solution 9 11 16 18 25 27 30 43 48 50 54 55 58 60 93 95 99 101 102 104 113 132 140 143 145 150 157 171 174 177 178 180 196 205 206 222 225 230 238 243 245 246 265 270 284 301 308 322 333 335 338 341 345 359 374 381 383 387 389 391 395 399 400 taille 63
iterations 1 solution 9 11 16 18 25 27 30 43 48 50 54 55 58 60 67 93 95 99 101 102 104 113 132 140 143 145 150 157 171 174 177 178 180 196 205 206 222 225 230 238 243 245 246 265 270 284 301 308 322 333 335 338 341 345 359 374 381 383 387 389 391 395 399 400 taille 64
iterations 2 solution 9 11 16 18 25 27 30 43 48 50 54 55 58 60 67 93 95 99 101 102 104 112 113 132 140 143 145 150 155 157 171 174 177 178 180 196 205 206 222 225 230 243 245 246 265 270 284 301 308 322 333 335 338 341 345 359 374 381 383 387 389 391 395 399 400 taille 65
iterations 2 solution 9 11 16 18 25 27 30 48 50 54 55 58 60 67 93 95 99 101 102 104 106 112 113 132 140 143 145 150 155 157 171 174 177 178 180 192 196 205 206 222 225 230 243 245 246 265 270 284 301 308 322 333 335 338 341 345 359 374 381 383 387 389 391 395 399 400 taille 66
iterations 2 solution 9 11 16 18 25 27 30 48 50 54 55 58 60 67 93 95 99 101 102 104 106 112 113 132 140 143 145 150 155 157 171 174 177 178 180 192 196 205 206 222 225 230 243 245 246 263 265 284 301 308 322 333 335 338 341 345 359 368 374 381 383 387 389 391 395 399 400 taille 67
iterations 1 solution 9 11 16 18 25 27 30 48 50 54 55 58 60 67 93 95 99 101 102 104 106 112 113 132 140 143 145 150 155 157 163 171 174 177 178 180 192 196 205 206 222 225 230 243 245 246 263 265 284 301 308 322 333 335 338 341 345 359 368 374 381 383 387 389 391 395 399 400 taille 68
iterations 2 solution 6 9 11 16 18 25 27 30 48 50 54 55 58 60 67 93 95 99 101 102 104 106 112 113 132 140 142 143 145 150 155 157 163 171 174 177 178 180 192 196 205 222 225 230 243 245 246 263 265 284 301 308 322 333 335 338 341 345 359 368 374 381 383 387 389 391 395 399 400 taille 69
iterations 1 solution 6 9 11 16 18 25 27 30 48 50 54 55 58 60 67 93 95 99 101 102 104 106 112 113 124 132 140 142 143 145 150 155 157 163 171 174 177 178 180 192 196 205 222 225 230 243 245 246 263 265 284 301 308 322 333 335 338 341 345 359 368 374 381 383 387 389 391 395 399 400 taille 70
iterations 1 solution 6 9 11 16 18 25 27 30 48 50 54 55 58 60 67 93 95 99 101 102 104 106 112 113 124 132 140 142 143 145 150 155 157 163 171 174 177 178 180 192 196 205 222 225 230 243 245 246 250 263 265 284 301 308 322 333 335 338 341 345 359 368 374 381 383 387 389 391 395 399 400 taille 71
iterations 2 solution 6 9 11 16 18 25 27 30 48 50 54 55 58 60 67 93 95 99 101 102 104 105 106 112 113 124 132 140 142 143 145 150 155 157 163 171 174 177 180 192 196 205 222 225 230 243 245 246 250 263 265 284 301 308 314 322 333 335 338 341 345 359 368 374 381 383 387 389 391 395 399 400 taille 72
iterations 1 solution 6 9 11 16 18 25 27 30 48 50 54 55 58 60 67 93 95 99 101 102 104 105 106 112 113 121 124 132 140 142 143 145 150 155 157 163 171 174 177 180 192 196 205 222 225 230 243 245 246 250 263 265 284 301 308 314 322 333 335 338 341 345 359 368 374 381 383 387 389 391 395 399 400 taille 73
iterations 1 solution 6 9 11 16 18 25 27 30 48 50 54 55 58 60 67 93 95 99 101 102 104 105 106 112 113 121 124 132 140 142 143 145 150 155 157 163 171 174 177 180 192 196 205 222 225 230 243 245 246 250 263 265 284 301 308 314 322 333 335 338 341 345 347 359 368 374 381 383 387 389 391 395 399 400 taille 74
iterations 1 solution 6 9 11 16 18 25 27 30 48 50 54 55 58 60 67 93 95 99 101 102 104 105 106 112 113 117 121 124 132 140 142 143 145 150 155 157 163 171 174 177 180 192 196 205 222 225 230 243 245 246 250 263 265 284 301 308 314 322 333 335 338 341 345 347 359 368 374 381 383 387 389 391 395 399 400 taille 75
iterations 0 solution 2 3 30 43 53 59 75 77 81 90 95 101 115 116 118 122 135 143 149 151 165 168 178 206 211 215 220 222 227 233 247 253 279 292 293 294 302 340 342 360 364 375 388 390 400 taille 45
iterations 2 solution 2 3 30 43 53 59 75 77 81 95 101 115 116 118 122 135 143 149 151 165 168 178 182 206 211 215 220 222 227 233 247 253 279 292 293 294 302 338 340 342 360 364 375 388 390 400 taille 46
iterations 2 solution 2 3 30 43 53 59 75 77 81 94 95 101 115 116 118 122 135 143 149 151 165 168 178 182 206 211 215 220 222 227 233 247 253 292 293 294 302 338 340 342 345 360 364 375 388 390 400 taille 47
iterations 7 solution 2 3 30 43 53 59 75 94 95 101 111 116 118 122 134 135 143 149 150 151 165 168 178 182 195 206 211 215 222 227 233 247 253 292 293 294 338 340 345 360 364 375 383 384 388 389 390 400 taille 48
iterations 4 solution 2 3 30 43 53 59 75 94 95 101 110 111 116 118 122 134 135 149 151 162 165 168 178 182 195 206 211 215 222 227 233 246 247 253 292 293 294 302 338 345 360 364 375 383 384 388 389 390 400 taille 49
iterations 11 solution 2 3 30 43 59 75 94 95 101 110 111 116 118 122 134 135 149 151 162 165 168 178 182 195 206 211 220 222 227 233 247 253 275 277 292 293 294 298 302 338 340 345 357 360 375 383 388 389 390 400 taille 50
iterations 32 solution 2 3 30 43 51 55 59 73 75 77 94 95 101 110 111 116 118 119 134 135 149 162 168 178 182 206 215 224 227 233 247 253 287 292 293 294 302 338 340 345 350 355 360 364 375 383 384 388 389 390 400 taille 51
iterations 142 solution 2 3 9 25 30 34 43 53 55 59 73 94 95 101 110 111 116 118 134 142 149 151 162 168 195 208 211 215 222 227 231 233 247 250 270 275 287 292 293 294 302 338 345 359 360 383 384 388 389 390 393 400 taille 52
iterations 37 solution 2 3 9 15 30 34 43 53 55 58 59 73 75 94 95 101 110 111 116 118 134 142 151 162 168 177 195 196 222 227 231 241 247 250 270 287 290 292 293 294 302 338 340 345 359 360 364 384 388 389 390 393 400 taille 53
iterations 2264 solution 2 9 16 25 30 43 50 55 58 60 67 77 86 93 99 101 102 112 116 126 140 143 145 150 154 155 157 163 170 174 178 180 190 205 206 208 220 225 230 245 262 265 279 303 333 335 338 341 361 374 383 391 395 400 taille 54
iterations 3 solution 2 9 16 25 30 43 50 55 58 60 67 77 86 93 95 99 101 102 104 112 116 126 140 143 145 150 155 157 163 170 174 177 178 180 190 205 206 220 225 230 245 262 265 279 303 333 335 338 341 361 374 383 391 395 400 taille 55
iterations 2 solution 2 9 16 25 30 43 50 55 58 60 67 77 86 93 95 99 101 102 104 112 116 126 140 143 145 150 155 157 170 174 177 178 180 190 205 206 220 225 230 245 262 265 279 292 303 333 335 338 341 361 374 383 389 391 395 400 taille 56
iterations 1 solution 2 9 16 25 30 43 50 55 58 60 67 77 86 93 95 99 101 102 104 112 116 126 140 143 145 150 155 157 170 174 177 178 180 190 205 206 220 225 230 245 262 265 270 279 292 303 333 335 338 341 361 374 383 389 391 395 400 taille 57
iterations 6 solution 2 9 11 16 19 25 30 43 50 55 58 60 67 77 93 95 99 101 104 112 126 132 134 140 143 145 150 155 157 170 174 177 178 180 190 205 206 220 225 230 245 265 270 279 292 301 303 308 333 335 338 341 361 374 383 389 395 400 taille 58
iterations 12 solution 6 9 11 16 25 27 30 43 50 55 58 60 93 95 99 101 104 112 118 132 134 140 142 143 145 150 155 157 171 174 177 178 180 196 203 205 225 230 243 245 246 250 265 270 279 284 292 301 308 333 335 341 361 374 383 389 395 399 400 taille 59
iterations 2 solution 6 9 11 16 18 25 27 30 43 50 55 58 60 93 95 99 101 104 112 118 132 140 142 143 145 150 155 157 171 174 177 178 180 196 203 205 225 230 243 245 246 250 265 270 279 284 292 301 308 333 335 341 361 374 383 389 391 395 399 400 taille 60
iterations 3 solution 6 9 11 16 18 25 27 30 43 48 50 55 58 60 93 95 99 101 104 112 118 132 140 142 143 145 150 155 157 171 174 177 178 180 196 205 222 225 230 243 245 246 250 265 279 284 292 301 308 333 335 341 361 368 374 383 389 391 395 399 400 taille 61
iterations 2 solution 6 9 11 16 18 25 27 30 43 48 50 55 58 60 93 95 99 101 104 112 113 118 132 140 142 143 145 150 155 157 171 174 177 178 180 196 205 222 225 230 243 245 246 250 263 265 284 292 301 308 333 335 341 361 368 374 383 389 391 395 399 400 taille 62
iterations 1 solution 6 9 11 16 18 25 27 30 43 48 50 55 58 60 93 95 99 101 104 112 113 118 132 140 142 143 145 150 155 157 171 174 177 178 180 196 205 222 225 230 243 245 246 250 263 265 284 292 301 308 333 335 338 341 361 368 374 383 389 391 395 399 400 taille 63
iterations 2 solution 6 9 11 16 18 25 27 30 48 50 55 58 60 93 95 99 101 104 106 112 113 118 132 140 142 143 145 150 155 157 171 174 177 178 180 192 196 205 222 225 230 243 245 246 250 263 265 284 292 301 308 333 335 338 341 361 368 374 383 389 391 395 399 400 taille 64
iterations 2 solution 6 9 11 16 18 25 27 30 48 50 55 58 60 93 95 99 101 102 104 106 112 113 124 132 140 142 143 145 150 155 157 171 174 177 178 180 192 196 205 222 225 230 243 245 246 250 263 265 284 292 301 308 333 335 338 341 361 368 374 383 389 391 395 399 400 taille 65
iterations 1 solution 6 9 11 16 18 25 27 30 48 50 55 58 60 67 93 95 99 101 102 104 106 112 113 124 132 140 142 143 145 150 155 157 171 174 177 178 180 192 196 205 222 225 230 243 245 246 250 263 265 284 292 301 308 333 335 338 341 361 368 374 383 389 391 395 399 400 taille 66
iterations 1 solution 6 9 11 16 18 25 27 30 48 50 55 58 60 67 93 95 99 101 102 104 106 112 113 124 132 140 142 143 145 150 155 157 171 174 177 178 180 192 196 205 222 225 230 243 245 246 250 263 265 284 292 301 308 333 335 338 341 361 368 374 381 383 389 391 395 399 400 taille 67
iterations 4 solution 6 9 11 16 18 25 27 30 48 50 55 58 60 67 93 95 99 101 102 104 106 112 113 124 132 140 142 143 145 150 155 157 171 174 177 178 180 192 205 222 225 230 243 245 246 250 263 265 284 292 301 308 333 335 338 341 345 359 368 374 381 383 387 389 391 395 399 400 taille 68
iterations 2 solution 6 9 11 16 18 25 27 30 48 50 55 58 60 67 93 95 99 101 102 104 105 106 112 113 124 132 140 142 143 145 150 155 157 171 174 177 180 192 205 222 225 230 243 245 246 250 263 265 284 292 301 308 333 335 338 341 345 347 359 368 374 381 383 387 389 391 395 399 400 taille 69
iterations 1 solution 6 9 11 16 18 25 27 30 48 50 55 58 60 67 93 95 99 101 102 104 105 106 112 113 121 124 132 140 142 143 145 150 155 157 171 174 177 180 192 205 222 225 230 243 245 246 250 263 265 284 292 301 308 333 335 338 341 345 347 359 368 374 381 383 387 389 391 395 399 400 taille 70
iterations 1 solution 6 9 11 16 18 25 27 30 48 50 55 58 60 67 93 95 99 101 102 104 105 106 112 113 117 121 124 132 140 142 143 145 150 155 157 171 174 177 180 192 205 222 225 230 243 245 246 250 263 265 284 292 301 308 333 335 338 341 345 347 359 368 374 381 383 387 389 391 395 399 400 taille 71
iterations 2 solution 6 9 11 16 18 25 27 30 48 50 55 58 60 67 93 95 99 101 102 104 105 106 112 113 117 121 124 132 140 142 143 145 150 155 157 163 171 174 177 180 192 205 222 225 230 243 245 246 250 263 265 284 301 308 322 333 335 338 341 345 347 359 368 374 381 383 387 389 391 395 399 400 taille 72
iterations 1 solution 6 9 11 16 18 25 27 30 48 50 54 55 58 60 67 93 95 99 101 102 104 105 106 112 113 117 121 124 132 140 142 143 145 150 155 157 163 171 174 177 180 192 205 222 225 230 243 245 246 250 263 265 284 301 308 322 333 335 338 341 345 347 359 368 374 381 383 387 389 391 395 399 400 taille 73
iterations 1 solution 6 9 11 16 18 25 27 30 48 50 54 55 58 60 67 93 95 99 101 102 104 105 106 112 113 117 121 124 132 140 142 143 145 150 155 157 163 171 174 177 180 192 205 222 225 230 243 245 246 250 263 265 284 301 308 314 322 333 335 338 341 345 347 359 368 374 381 383 387 389 391 395 399 400 taille 74
iterations 0 solution 2 3 30 43 53 59 75 77 81 90 95 101 115 116 118 122 135 143 149 151 165 168 178 206 211 215 220 222 227 233 247 253 279 292 293 294 302 340 342 360 364 375 388 390 400 taille 45
iterations 2 solution 2 3 30 43 53 59 75 77 81 90 94 95 101 115 116 118 122 135 143 149 151 165 168 178 206 211 215 220 222 227 233 247 253 292 293 294 302 340 342 345 360 364 375 388 390 400 taille 46
iterations 3 solution 2 3 30 43 53 59 75 77 81 90 94 95 101 115 116 118 135 149 151 155 162 165 168 178 206 211 215 220 222 227 233 247 253 292 293 294 302 340 342 345 357 360 364 375 388 390 400 taille 47
iterations 1 solution 2 3 30 43 53 59 75 77 81 90 94 95 101 110 115 116 118 135 149 151 155 162 165 168 178 206 211 215 220 222 227 233 247 253 292 293 294 302 340 342 345 357 360 364 375 388 390 400 taille 48
iterations 10 solution 2 3 30 34 43 53 59 75 81 94 95 101 110 116 118 135 140 145 149 151 155 162 165 168 182 195 206 208 215 220 222 227 233 247 253 292 294 302 338 342 345 357 360 364 375 388 389 390 400 taille 49
iterations 5 solution 2 3 30 34 43 53 59 75 94 95 101 110 111 116 118 134 135 140 142 145 149 151 155 162 165 168 182 195 208 215 220 227 233 247 253 292 294 302 303 338 345 357 360 364 375 383 388 389 390 400 taille 50
iterations 5 solution 2 3 30 34 43 53 59 75 94 95 101 110 111 116 118 134 135 140 142 145 149 155 162 165 168 182 195 215 220 227 233 247 253 292 294 302 303 338 340 345 350 355 357 360 364 375 383 388 389 390 400 taille 51
iterations 23 solution 2 3 30 34 43 53 59 75 77 94 95 96 101 102 110 111 116 117 134 135 142 149 162 165 168 208 211 215 220 227 233 247 253 287 292 293 294 302 303 338 345 350 355 357 360 364 375 383 388 389 393 400 taille 52
iterations 2453 solution 8 11 16 18 27 30 48 50 54 95 101 106 113 118 121 132 135 140 142 143 145 150 157 165 171 174 192 196 205 215 222 230 240 241 243 245 246 250 263 265 301 314 322 335 338 345 347 350 362 383 391 399 400 taille 53
iterations 1 solution 6 8 11 16 18 27 30 48 50 54 95 101 106 113 118 121 132 135 140 142 143 145 150 157 165 171 174 192 196 205 215 222 230 240 241 243 245 246 250 263 265 301 314 322 335 338 345 347 350 362 383 391 399 400 taille 54
iterations 2 solution 6 8 11 16 18 27 30 48 50 54 95 101 106 113 117 118 121 132 135 140 142 143 145 150 155 157 165 171 174 192 196 205 215 222 230 240 241 243 245 246 250 263 265 301 314 322 335 338 345 347 350 383 391 399 400 taille 55
iterations 3 solution 6 8 11 16 18 27 30 48 50 54 60 95 101 106 113 117 118 121 132 135 140 142 143 145 150 157 165 171 174 180 192 196 205 215 222 230 240 241 243 245 246 250 263 265 287 301 314 322 335 338 345 347 383 391 399 400 taille 56
iterations 2 solution 6 8 11 16 18 25 27 30 48 50 54 60 95 101 106 113 117 118 121 132 135 140 142 143 145 150 157 165 171 174 180 192 196 205 215 222 230 241 243 245 246 250 263 265 287 301 314 322 333 335 338 345 347 383 391 399 400 taille 57
iterations 2 solution 6 8 11 16 18 25 27 30 48 50 54 60 95 101 106 112 113 117 118 121 132 135 140 142 143 145 150 157 165 171 174 180 192 196 205 215 222 225 230 243 245 246 250 263 265 287 301 314 322 333 335 338 345 347 383 391 399 400 taille 58
iterations 1 solution 6 8 11 16 18 25 27 30 48 50 54 60 93 95 101 106 112 113 117 118 121 132 135 140 142 143 145 150 157 165 171 174 180 192 196 205 215 222 225 230 243 245 246 250 263 265 287 301 314 322 333 335 338 345 347 383 391 399 400 taille 59
iterations 2 solution 6 8 11 16 18 25 27 30 48 50 54 60 93 95 99 101 106 112 113 117 118 121 132 135 140 142 143 145 150 157 163 171 174 180 192 196 205 215 222 225 230 243 245 246 250 263 265 287 301 314 322 333 335 338 345 347 383 391 399 400 taille 60
iterations 1 solution 6 8 11 16 18 25 27 30 48 50 54 60 93 95 99 101 106 112 113 117 118 121 132 135 140 142 143 145 150 157 163 171 174 180 192 196 205 215 222 225 230 243 245 246 250 263 265 287 301 314 322 333 335 338 345 347 383 391 395 399 400 taille 61
iterations 2 solution 6 11 16 18 25 27 30 48 50 54 55 60 93 95 99 101 104 106 112 113 117 118 121 132 135 140 142 143 145 150 157 163 171 174 180 192 196 205 215 222 225 230 243 245 246 250 263 265 287 301 314 322 333 335 338 345 347 383 391 395 399 400 taille 62
iterations 1 solution 6 11 16 18 25 27 30 48 50 54 55 60 93 95 99 101 104 106 112 113 117 118 121 132 135 140 142 143 145 150 157 163 171 174 180 192 196 205 215 222 225 230 243 245 246 250 263 265 287 301 314 322 333 335 338 345 347 383 389 391 395 399 400 taille 63
iterations 3 solution 6 11 16 18 25 27 30 48 50 54 55 60 93 95 99 101 102 104 106 112 113 117 121 124 132 135 140 142 143 145 150 157 163 171 174 180 192 196 205 215 222 225 230 243 245 246 250 263 265 301 314 322 333 335 338 341 345 347 383 389 391 395 399 400 taille 64
iterations 1 solution 6 11 16 18 25 27 30 48 50 54 55 60 93 95 99 101 102 104 106 112 113 117 121 124 132 135 140 142 143 145 150 155 157 163 171 174 180 192 196 205 215 222 225 230 243 245 246 250 263 265 301 314 322 333 335 338 341 345 347 383 389 391 395 399 400 taille 65
iterations 1 solution 6 11 16 18 25 27 30 48 50 54 55 60 93 95 99 101 102 104 106 112 113 117 121 124 132 135 140 142 143 145 150 155 157 163 171 174 180 192 196 205 215 222 225 230 243 245 246 250 263 265 301 314 322 333 335 338 341 345 347 383 387 389 391 395 399 400 taille 66
iterations 1 solution 6 11 16 18 25 27 30 48 50 54 55 60 67 93 95 99 101 102 104 106 112 113 117 121 124 132 135 140 142 143 145 150 155 157 163 171 174 180 192 196 205 215 222 225 230 243 245 246 250 263 265 301 314 322 333 335 338 341 345 347 383 387 389 391 395 399 400 taille 67
iterations 3 solution 6 11 16 18 25 27 30 48 50 54 55 58 60 67 93 95 99 101 102 104 106 112 113 117 121 124 132 140 142 143 145 150 155 157 163 171 174 180 192 196 205 222 225 230 243 245 246 250 263 265 284 301 308 314 322 333 335 338 341 345 347 383 387 389 391 395 399 400 taille 68
iterations 1 solution 6 11 16 18 25 27 30 48 50 54 55 58 60 67 93 95 99 101 102 104 105 106 112 113 117 121 124 132 140 142 143 145 150 155 157 163 171 174 180 192 196 205 222 225 230 243 245 246 250 263 265 284 301 308 314 322 333 335 338 341 345 347 383 387 389 391 395 399 400 taille 69
iterations 1 solution 6 11 16 18 25 27 30 48 50 54 55 58 60 67 93 95 99 101 102 104 105 106 112 113 117 121 124 132 140 142 143 145 150 155 157 163 171 174 180 192 196 205 222 225 230 243 245 246 250 263 265 284 301 308 314 322 333 335 338 341 345 347 381 383 387 389 391 395 399 400 taille 70
iterations 1 solution 6 11 16 18 25 27 30 48 50 54 55 58 60 67 93 95 99 101 102 104 105 106 112 113 117 121 124 132 140 142 143 145 150 155 157 163 171 174 180 192 196 205 222 225 230 243 245 246 250 263 265 284 301 308 314 322 333 335 338 341 345 347 359 381 383 387 389 391 395 399 400 taille 71
iterations 1 solution 6 9 11 16 18 25 27 30 48 50 54 55 58 60 67 93 95 99 101 102 104 105 106 112 113 117 121 124 132 140 142 143 145 150 155 157 163 171 174 180 192 196 205 222 225 230 243 245 246 250 263 265 284 301 308 314 322 333 335 338 341 345 347 359 381 383 387 389 391 395 399 400 taille 72
iterations 1 solution 6 9 11 16 18 25 27 30 48 50 54 55 58 60 67 93 95 99 101 102 104 105 106 112 113 117 121 124 132 140 142 143 145 150 155 157 163 171 174 180 192 196 205 222 225 230 243 245 246 250 263 265 284 301 308 314 322 333 335 338 341 345 347 359 368 381 383 387 389 391 395 399 400 taille 73
iterations 1 solution 6 9 11 16 18 25 27 30 48 50 54 55 58 60 67 93 95 99 101 102 104 105 106 112 113 117 121 124 132 140 142 143 145 150 155 157 163 171 174 180 192 196 205 222 225 230 243 245 246 250 263 265 284 301 308 314 322 333 335 338 341 345 347 359 368 374 381 383 387 389 391 395 399 400 taille 74
iterations 1 solution 6 9 11 16 18 25 27 30 48 50 54 55 58 60 67 93 95 99 101 102 104 105 106 112 113 117 121 124 132 140 142 143 145 150 155 157 163 171 174 177 180 192 196 205 222 225 230 243 245 246 250 263 265 284 301 308 314 322 333 335 338 341 345 347 359 368 374 381 383 387 389 391 395 399 400 taille 75
