iterations 0 solution 1 11 26 68 73 103 112 131 214 246 261 277 312 352 358 389 391 403 415 420 428 433 434 438 444 450 514 521 529 544 562 622 670 689 691 723 738 749 767 775 782 819 863 906 907 920 931 940 963 990 1002 1005 1034 1067 1072 1120 1121 1145 1163 1171 1173 1176 1235 1261 1267 1273 1333 1344 1385 1411 1419 1476 1478 1483 1493 taille 75
iterations 3 solution 11 26 68 73 103 112 131 214 246 261 277 312 358 389 391 396 403 415 420 428 433 434 438 444 450 514 521 529 544 562 564 622 670 689 691 723 738 749 767 775 782 819 863 906 907 920 931 940 963 990 1002 1005 1034 1067 1072 1120 1121 1145 1163 1171 1173 1176 1235 1261 1267 1273 1333 1344 1385 1411 1419 1433 1476 1478 1483 1493 taille 76
iterations 2 solution 11 26 68 73 103 112 131 214 246 261 277 312 358 389 391 396 403 415 420 428 433 434 438 439 444 450 514 521 529 544 562 564 622 670 689 691 723 738 749 767 775 782 819 863 906 907 920 931 940 963 990 1002 1005 1034 1067 1072 1120 1121 1145 1163 1171 1176 1235 1261 1267 1273 1333 1344 1385 1394 1411 1419 1433 1476 1478 1483 1493 taille 77
iterations 1 solution 11 26 68 73 103 112 131 166 214 246 261 277 312 358 389 391 396 403 415 420 428 433 434 438 439 444 450 514 521 529 544 562 564 622 670 689 691 723 738 749 767 775 782 819 863 906 907 920 931 940 963 990 1002 1005 1034 1067 1072 1120 1121 1145 1163 1171 1176 1235 1261 1267 1273 1333 1344 1385 1394 1411 1419 1433 1476 1478 1483 1493 taille 78
iterations 6 solution 11 26 37 68 73 112 131 166 214 246 261 277 312 358 389 391 396 403 415 420 428 433 434 438 439 444 450 475 514 521 529 544 562 564 566 622 670 689 691 723 738 749 767 775 782 819 863 906 907 917 920 931 940 963 990 1002 1005 1034 1067 1072 1101 1120 1121 1145 1171 1176 1261 1267 1273 1333 1344 1385 1394 1411 1419 1433 1464 1476 1493 taille 79
iterations 1 solution 11 26 37 68 73 112 131 166 214 246 261 277 312 332 358 389 391 396 403 415 420 428 433 434 438 439 444 450 475 514 521 529 544 562 564 566 622 670 689 691 723 738 749 767 775 782 819 863 906 907 917 920 931 940 963 990 1002 1005 1034 1067 1072 1101 1120 1121 1145 1171 1176 1261 1267 1273 1333 1344 1385 1394 1411 1419 1433 1464 1476 1493 taille 80
iterations 2 solution 11 26 37 68 73 112 131 166 214 217 261 277 312 332 358 389 391 396 403 415 420 428 433 434 438 439 444 450 475 514 521 529 544 562 564 566 622 670 689 691 723 738 749 767 775 782 819 838 863 906 907 917 920 931 940 963 990 1002 1005 1034 1067 1072 1101 1120 1121 1145 1171 1176 1261 1267 1273 1333 1344 1385 1394 1411 1419 1433 1464 1476 1493 taille 81
iterations 2 solution 11 26 37 68 73 112 131 160 166 214 217 261 277 312 332 358 389 391 396 403 415 420 428 433 434 438 439 444 450 475 514 521 529 544 562 564 566 622 670 689 691 723 738 749 767 775 782 819 838 863 906 907 917 920 931 940 963 990 1002 1005 1020 1034 1067 1072 1101 1120 1121 1145 1171 1261 1267 1273 1333 1344 1385 1394 1411 1419 1433 1464 1476 1493 taille 82
iterations 3 solution 11 26 37 68 73 112 131 160 166 214 217 261 277 312 332 358 389 391 396 403 415 416 420 428 433 434 438 439 444 450 475 514 521 529 544 562 564 566 618 622 670 689 723 738 749 767 775 782 819 838 863 906 907 917 920 931 940 963 990 1002 1005 1020 1034 1067 1072 1101 1120 1121 1145 1171 1261 1267 1273 1290 1333 1344 1385 1394 1411 1433 1464 1476 1493 taille 83
iterations 5 solution 11 26 37 68 73 112 131 160 166 168 214 217 261 264 277 312 332 358 389 391 396 403 415 416 420 428 433 434 438 439 444 450 475 514 521 529 544 562 564 566 618 622 670 689 723 738 749 767 782 819 838 863 906 907 917 920 922 940 963 990 1002 1005 1020 1067 1072 1101 1120 1121 1145 1171 1261 1267 1273 1303 1333 1344 1385 1394 1411 1419 1433 1464 1476 1493 taille 84
iterations 2 solution 11 26 37 68 73 112 131 160 166 168 214 217 261 264 277 312 332 358 389 391 396 403 415 416 420 428 433 434 438 439 444 450 475 514 521 529 544 562 564 566 580 618 622 670 689 723 738 767 782 819 838 863 906 907 917 920 922 940 963 990 1002 1005 1020 1067 1072 1101 1120 1121 1145 1171 1261 1267 1273 1303 1333 1344 1385 1389 1394 1411 1419 1433 1464 1476 1493 taille 85
iterations 6 solution 11 26 37 68 73 112 131 160 166 168 214 215 217 261 264 277 312 332 358 389 391 396 403 415 416 420 428 433 434 438 439 444 450 475 514 521 529 564 566 580 618 622 670 689 723 738 767 782 819 826 838 906 907 917 920 922 928 940 963 990 1002 1005 1020 1072 1101 1120 1121 1145 1171 1261 1267 1273 1297 1303 1333 1342 1344 1385 1389 1394 1411 1416 1419 1464 1476 1493 taille 86
iterations 7 solution 11 26 37 68 73 112 131 160 166 173 214 217 233 261 264 277 312 332 358 389 391 396 403 416 420 428 433 434 438 439 444 450 475 514 521 529 562 564 566 615 618 622 689 723 738 767 782 819 826 838 878 906 907 917 920 922 928 940 963 990 1002 1005 1020 1034 1072 1101 1120 1121 1145 1171 1244 1267 1273 1297 1303 1333 1342 1344 1385 1389 1394 1411 1416 1419 1464 1476 1493 taille 87
iterations 12 solution 11 26 68 73 100 112 131 160 166 168 173 214 217 261 264 276 277 312 332 358 389 391 396 403 416 420 428 433 434 438 439 444 475 514 521 529 562 564 566 580 615 618 622 689 723 738 767 782 811 819 826 838 878 906 907 917 922 928 940 963 990 1002 1005 1020 1067 1072 1101 1121 1145 1171 1244 1267 1273 1303 1333 1342 1344 1385 1389 1394 1403 1411 1416 1419 1464 1476 1483 1493 taille 88
iterations 18 solution 11 26 68 73 100 112 131 160 166 214 215 217 261 312 332 358 372 389 391 396 403 416 420 428 433 434 438 439 475 508 514 521 529 564 580 599 615 618 622 684 689 723 738 767 782 811 819 826 838 863 878 906 907 917 920 922 940 963 990 1002 1020 1034 1067 1072 1121 1167 1171 1244 1261 1267 1273 1289 1292 1303 1333 1344 1385 1389 1394 1403 1408 1411 1416 1419 1460 1464 1476 1483 1493 taille 89
iterations 9 solution 11 26 68 73 100 103 112 131 160 166 173 214 217 264 312 332 358 372 389 391 396 416 420 428 433 434 438 439 475 514 521 529 562 564 566 580 599 615 618 622 671 684 689 723 738 767 769 782 811 819 826 838 878 906 907 917 920 922 928 940 963 990 1002 1020 1034 1052 1067 1072 1121 1171 1244 1273 1289 1292 1303 1333 1344 1385 1389 1394 1403 1408 1411 1416 1419 1460 1464 1476 1483 1493 taille 90
iterations 37 solution 6 11 26 31 37 68 72 73 82 100 103 112 131 149 160 166 173 214 217 261 264 312 372 389 396 403 416 420 428 433 434 438 439 440 475 514 521 529 549 562 564 566 580 599 613 615 622 671 684 689 723 767 782 811 819 826 838 878 906 917 920 922 928 940 960 990 1002 1020 1034 1067 1072 1171 1244 1273 1289 1292 1303 1344 1385 1389 1394 1403 1408 1411 1416 1419 1460 1464 1471 1476 1493 taille 91
iterations 0 solution 1 11 26 68 73 103 112 131 214 246 261 277 312 352 358 389 391 403 415 420 428 433 434 438 444 450 514 521 529 544 562 622 670 689 691 723 738 749 767 775 782 819 863 906 907 920 931 940 963 990 1002 1005 1034 1067 1072 1120 1121 1145 1163 1171 1173 1176 1235 1261 1267 1273 1333 1344 1385 1411 1419 1476 1478 1483 1493 taille 75
iterations 6 solution 1 11 26 68 73 103 112 131 139 165 214 246 261 277 312 352 358 391 403 415 420 428 433 434 438 444 450 514 521 529 544 562 622 670 689 691 723 738 749 767 775 782 819 845 863 889 907 920 931 940 963 990 1002 1005 1027 1034 1067 1072 1105 1120 1121 1145 1163 1171 1173 1176 1235 1261 1267 1273 1344 1385 1411 1478 1483 1493 taille 76
iterations 3 solution 1 11 26 68 73 103 112 131 139 165 261 277 312 352 358 391 403 415 420 428 433 434 438 444 450 514 521 529 544 562 622 670 689 691 723 738 749 767 775 782 819 838 845 863 889 907 920 931 940 963 973 990 1002 1005 1027 1034 1039 1067 1072 1105 1120 1121 1145 1163 1171 1173 1176 1235 1261 1267 1273 1344 1385 1411 1478 1483 1493 taille 77
iterations 1 solution 1 11 26 68 73 103 112 131 139 165 217 261 277 312 352 358 391 403 415 420 428 433 434 438 444 450 514 521 529 544 562 622 670 689 691 723 738 749 767 775 782 819 838 845 863 889 907 920 931 940 963 973 990 1002 1005 1027 1034 1039 1067 1072 1105 1120 1121 1145 1163 1171 1173 1176 1235 1261 1267 1273 1344 1385 1411 1478 1483 1493 taille 78
iterations 2 solution 1 11 26 68 73 103 112 131 139 165 166 217 261 277 312 352 358 391 403 415 420 428 433 434 438 444 450 514 521 529 544 562 622 670 689 691 723 738 749 767 775 782 819 838 845 863 889 907 920 931 940 963 973 990 1002 1005 1027 1034 1039 1067 1072 1105 1120 1121 1145 1163 1171 1176 1235 1261 1267 1273 1344 1385 1394 1411 1478 1483 1493 taille 79
iterations 1 solution 1 11 26 68 73 103 112 131 139 165 166 217 261 277 312 352 358 391 392 403 415 420 428 433 434 438 444 450 514 521 529 544 562 622 670 689 691 723 738 749 767 775 782 819 838 845 863 889 907 920 931 940 963 973 990 1002 1005 1027 1034 1039 1067 1072 1105 1120 1121 1145 1163 1171 1176 1235 1261 1267 1273 1344 1385 1394 1411 1478 1483 1493 taille 80
iterations 5 solution 1 11 26 68 73 103 112 131 139 165 166 217 261 277 312 352 358 391 392 403 415 420 428 433 434 438 444 450 514 521 544 562 606 622 670 689 691 723 738 749 767 775 782 819 826 838 845 863 889 907 917 920 931 940 963 973 990 1002 1005 1027 1034 1039 1046 1072 1105 1120 1121 1145 1163 1176 1261 1267 1273 1319 1344 1385 1394 1411 1478 1483 1493 taille 81
iterations 4 solution 1 11 26 68 73 103 112 131 139 165 166 217 261 312 317 352 358 391 392 403 415 420 428 433 434 438 444 450 514 521 540 544 562 606 622 670 689 691 723 738 749 767 775 819 826 838 845 863 889 907 917 920 931 940 963 973 990 1005 1027 1034 1039 1046 1072 1105 1120 1121 1145 1163 1167 1176 1261 1267 1273 1319 1344 1385 1394 1411 1478 1483 1493 1500 taille 82
iterations 9 solution 1 11 26 68 73 103 112 131 165 166 217 261 277 312 352 358 391 392 403 415 420 428 433 434 438 444 450 475 514 521 540 544 562 606 622 670 689 691 723 738 749 767 775 819 826 838 845 863 889 907 917 920 931 940 963 973 974 990 1005 1027 1034 1039 1046 1072 1105 1120 1121 1145 1163 1176 1261 1267 1273 1319 1333 1385 1394 1411 1457 1478 1483 1493 1500 taille 83
iterations 14 solution 1 11 26 68 73 103 112 131 165 166 217 261 277 312 352 358 391 392 415 428 433 434 438 440 444 450 475 512 514 521 540 544 559 562 606 622 670 689 691 723 738 749 767 775 819 826 838 845 863 889 907 917 920 931 940 945 963 973 974 990 1005 1027 1034 1039 1046 1072 1105 1120 1145 1163 1176 1261 1267 1273 1319 1333 1385 1394 1411 1457 1478 1483 1493 1500 taille 84
iterations 14 solution 1 11 26 68 103 112 131 166 173 217 261 352 358 389 391 392 403 415 428 433 434 438 440 444 450 475 512 514 521 540 544 561 562 606 622 670 689 691 723 738 749 767 775 819 826 838 845 863 907 917 920 931 940 945 963 973 974 990 1005 1018 1027 1034 1039 1046 1069 1072 1105 1120 1145 1163 1167 1176 1267 1273 1319 1333 1385 1394 1411 1457 1460 1478 1483 1493 1500 taille 85
iterations 9 solution 1 11 26 68 73 103 112 131 166 214 217 233 261 358 391 392 396 403 415 428 433 434 438 440 444 450 475 512 514 521 540 561 562 564 606 622 670 689 691 723 738 749 767 775 819 826 838 845 863 889 907 917 920 931 940 945 963 974 990 1005 1027 1034 1039 1046 1069 1072 1105 1120 1145 1163 1167 1176 1261 1267 1273 1319 1333 1385 1394 1411 1457 1460 1478 1483 1493 1500 taille 86
iterations 26 solution 1 11 26 68 73 100 103 112 131 165 166 168 214 217 233 261 312 358 392 396 403 415 420 428 433 434 438 440 444 475 514 521 529 562 564 606 615 622 689 691 723 738 749 767 804 819 826 838 845 863 889 907 917 920 931 940 945 963 974 990 1002 1005 1027 1039 1072 1105 1120 1145 1167 1171 1176 1261 1265 1267 1273 1333 1342 1344 1385 1394 1411 1460 1464 1478 1483 1493 1500 taille 87
iterations 1 solution 1 11 26 68 73 100 103 112 131 165 166 168 214 217 233 261 312 358 392 396 403 415 420 428 433 434 438 440 444 475 514 521 529 562 564 606 615 622 689 691 723 738 749 767 804 819 826 838 845 863 889 907 917 920 931 940 945 963 974 990 1002 1005 1027 1039 1072 1105 1120 1145 1167 1171 1176 1261 1265 1267 1273 1333 1342 1344 1385 1394 1411 1460 1464 1471 1478 1483 1493 1500 taille 88
iterations 8 solution 11 26 68 73 100 103 112 131 165 166 168 214 233 261 264 312 358 392 396 403 415 420 428 433 434 438 440 444 475 514 521 537 562 564 606 615 622 685 689 691 723 738 749 767 804 819 826 838 853 863 889 907 917 920 922 940 945 960 974 990 1002 1005 1027 1039 1046 1072 1105 1120 1145 1167 1171 1261 1265 1267 1273 1333 1342 1344 1385 1394 1411 1416 1460 1464 1471 1478 1483 1493 1500 taille 89
iterations 3 solution 11 26 68 73 100 103 112 131 165 166 168 214 233 261 264 312 358 392 396 403 415 420 428 433 434 438 440 444 475 514 521 537 562 564 606 615 622 685 689 691 723 738 749 767 804 819 826 838 845 853 863 889 907 917 920 922 940 945 960 974 977 990 1002 1005 1027 1039 1046 1072 1105 1120 1145 1157 1167 1171 1261 1265 1267 1273 1333 1342 1344 1385 1394 1411 1460 1464 1471 1478 1493 1500 taille 90
iterations 21 solution 11 68 73 76 100 103 112 131 165 166 168 214 217 233 261 312 358 392 396 403 420 428 433 434 438 440 444 475 508 514 521 537 540 562 564 615 622 689 691 723 738 749 767 804 819 826 838 845 853 863 889 907 917 920 922 940 945 963 974 977 990 1005 1020 1027 1039 1046 1072 1105 1120 1145 1157 1167 1171 1244 1261 1265 1273 1333 1342 1344 1385 1394 1403 1411 1413 1460 1464 1471 1478 1493 1500 taille 91
iterations 11 solution 11 37 68 73 76 100 103 112 131 133 165 166 168 179 214 217 233 261 264 276 290 312 358 392 396 403 420 428 433 434 438 440 444 475 514 537 540 555 562 564 615 622 689 691 723 738 749 767 819 826 838 853 863 878 889 907 917 922 940 945 974 977 990 1005 1020 1027 1046 1072 1105 1120 1145 1157 1167 1171 1244 1261 1265 1273 1333 1342 1344 1385 1394 1403 1411 1413 1416 1460 1464 1471 1478 1500 taille 92
iterations 4 solution 11 26 37 68 73 100 103 112 131 133 165 166 168 179 214 217 233 261 264 290 312 358 392 396 403 420 428 433 434 438 440 444 475 514 537 555 562 564 615 622 689 691 723 738 749 767 819 826 838 853 863 878 889 907 917 920 922 940 945 960 974 977 990 1002 1005 1020 1027 1046 1072 1105 1120 1145 1157 1167 1171 1244 1261 1265 1273 1333 1342 1344 1385 1394 1403 1411 1413 1416 1460 1464 1471 1478 1500 taille 93
iterations 0 solution 1 11 26 68 73 103 112 131 214 246 261 277 312 352 358 389 391 403 415 420 428 433 434 438 444 450 514 521 529 544 562 622 670 689 691 723 738 749 767 775 782 819 863 906 907 920 931 940 963 990 1002 1005 1034 1067 1072 1120 1121 1145 1163 1171 1173 1176 1235 1261 1267 1273 1333 1344 1385 1411 1419 1476 1478 1483 1493 taille 75
iterations 2 solution 1 11 26 68 73 103 112 131 214 246 261 312 352 358 389 391 403 415 420 428 433 434 438 444 450 514 521 529 544 562 622 670 689 691 723 738 749 767 775 782 819 863 906 907 920 931 940 963 990 1002 1005 1034 1067 1072 1120 1121 1145 1163 1167 1171 1173 1176 1235 1261 1267 1273 1333 1344 1385 1411 1419 1460 1476 1478 1483 1493 taille 76
iterations 4 solution 1 11 26 68 73 103 112 131 214 246 261 312 352 358 389 391 403 415 420 428 433 434 438 444 450 514 521 529 544 562 622 670 689 691 723 738 749 767 775 819 826 863 906 907 917 920 931 940 963 990 1002 1005 1034 1067 1072 1120 1121 1145 1163 1167 1173 1176 1261 1267 1273 1319 1333 1344 1385 1411 1419 1460 1476 1478 1483 1493 1500 taille 77
iterations 1 solution 1 11 26 68 73 103 112 131 214 246 261 312 352 358 389 391 403 415 420 428 433 434 438 444 450 475 514 521 529 544 562 622 670 689 691 723 738 749 767 775 819 826 863 906 907 917 920 931 940 963 990 1002 1005 1034 1067 1072 1120 1121 1145 1163 1167 1173 1176 1261 1267 1273 1319 1333 1344 1385 1411 1419 1460 1476 1478 1483 1493 1500 taille 78
iterations 1 solution 1 11 26 68 73 103 112 131 214 246 261 312 332 352 358 389 391 403 415 420 428 433 434 438 444 450 475 514 521 529 544 562 622 670 689 691 723 738 749 767 775 819 826 863 906 907 917 920 931 940 963 990 1002 1005 1034 1067 1072 1120 1121 1145 1163 1167 1173 1176 1261 1267 1273 1319 1333 1344 1385 1411 1419 1460 1476 1478 1483 1493 1500 taille 79
iterations 3 solution 1 11 26 68 103 112 131 214 246 261 312 332 352 358 389 391 403 415 416 420 428 433 434 438 444 450 475 514 521 529 544 562 618 622 670 689 723 738 749 767 775 819 826 863 906 907 917 920 931 940 963 990 1002 1005 1018 1034 1067 1072 1120 1121 1145 1163 1167 1173 1176 1261 1267 1273 1319 1333 1344 1385 1411 1419 1460 1476 1478 1483 1493 1500 taille 80
iterations 2 solution 1 11 26 68 103 112 131 214 246 261 312 332 352 358 389 391 403 415 416 420 428 433 434 438 444 450 475 514 521 529 544 562 618 622 670 689 723 738 749 767 775 819 826 845 863 906 907 917 920 931 940 963 990 1002 1005 1018 1034 1067 1072 1120 1121 1145 1163 1167 1173 1176 1247 1261 1267 1273 1319 1333 1344 1385 1411 1460 1476 1478 1483 1493 1500 taille 81
iterations 7 solution 1 11 26 68 73 103 112 166 214 246 261 312 332 352 358 389 403 415 416 420 428 433 434 438 444 450 475 514 521 529 544 562 618 622 670 683 689 723 738 749 767 775 819 826 845 863 907 917 920 931 940 963 990 1002 1005 1006 1034 1047 1067 1070 1072 1105 1120 1121 1145 1163 1167 1176 1247 1261 1267 1273 1319 1333 1344 1385 1460 1476 1478 1483 1493 1500 taille 82
iterations 11 solution 1 26 68 73 100 103 112 160 166 214 246 261 312 332 352 358 389 391 403 415 416 420 428 433 434 438 444 475 514 521 529 544 562 599 615 618 622 683 689 723 738 749 767 819 826 845 863 906 907 917 920 922 931 940 990 1002 1005 1006 1029 1034 1047 1067 1072 1087 1120 1121 1145 1163 1167 1247 1261 1267 1273 1319 1333 1344 1385 1460 1476 1478 1483 1493 1500 taille 83
iterations 2 solution 1 26 68 73 100 103 112 160 166 214 246 261 312 332 352 358 389 391 403 415 416 420 428 433 434 438 444 475 514 521 529 544 562 599 615 618 622 683 689 723 738 749 767 819 826 845 863 907 917 920 922 931 940 990 1002 1005 1006 1029 1034 1047 1049 1067 1072 1087 1105 1120 1121 1145 1163 1167 1247 1261 1267 1273 1319 1333 1344 1385 1460 1476 1478 1483 1493 1500 taille 84
iterations 7 solution 1 11 26 68 73 100 103 112 133 160 166 179 214 233 246 261 312 332 352 358 389 391 403 415 416 420 428 433 434 438 444 475 514 529 562 599 618 622 670 683 689 723 738 749 767 819 826 845 863 907 917 920 922 931 940 990 1002 1005 1034 1047 1049 1067 1072 1087 1105 1120 1121 1145 1163 1167 1247 1261 1267 1273 1319 1333 1342 1344 1385 1403 1460 1476 1478 1483 1500 taille 85
iterations 15 solution 1 11 26 37 68 73 100 103 112 133 160 165 166 179 214 233 241 246 261 276 312 332 346 352 391 403 415 416 428 433 434 438 444 475 514 529 562 599 615 618 622 683 689 723 738 749 767 819 826 863 907 917 922 931 940 990 1002 1005 1020 1034 1049 1067 1072 1087 1105 1120 1121 1145 1167 1171 1247 1261 1267 1273 1333 1342 1344 1385 1403 1411 1416 1460 1464 1476 1478 1500 taille 86
iterations 11 solution 1 11 26 68 73 100 103 112 133 166 179 214 217 233 261 276 312 332 352 358 389 391 392 403 415 416 420 428 433 434 438 444 475 514 529 555 562 599 618 622 670 683 689 723 738 749 767 819 826 863 907 917 922 931 940 990 1002 1005 1006 1020 1027 1034 1047 1049 1067 1072 1087 1105 1120 1121 1145 1167 1171 1247 1261 1267 1273 1333 1342 1344 1385 1416 1460 1464 1478 1483 1500 taille 87
iterations 76 solution 1 11 26 73 100 103 112 133 166 179 214 217 233 261 264 276 312 332 358 389 403 416 420 428 433 434 438 439 444 475 514 529 555 562 564 599 615 622 689 723 738 749 767 803 819 826 863 878 906 907 917 922 940 945 960 974 990 1002 1005 1006 1020 1027 1034 1039 1047 1070 1072 1120 1145 1167 1171 1244 1247 1261 1265 1267 1273 1333 1342 1344 1385 1416 1460 1464 1471 1478 1483 1500 taille 88
iterations 2 solution 1 11 26 68 73 100 103 112 133 166 179 214 217 233 261 264 276 312 332 358 389 403 416 420 428 433 434 438 439 444 475 514 529 555 562 564 599 615 622 689 723 738 749 767 819 826 863 878 906 907 917 922 940 945 960 974 990 1002 1005 1006 1020 1027 1034 1039 1047 1070 1072 1120 1145 1167 1171 1244 1247 1261 1265 1267 1273 1333 1342 1344 1385 1416 1460 1464 1471 1478 1483 1494 1500 taille 89
iterations 2 solution 1 11 26 68 73 100 103 112 133 166 179 214 217 233 261 264 276 312 332 358 389 396 403 416 420 428 433 434 438 439 444 475 514 529 555 562 564 599 615 622 689 723 738 749 767 819 826 863 878 906 907 917 922 940 945 960 974 990 1002 1005 1020 1027 1034 1039 1047 1070 1072 1120 1145 1167 1171 1244 1247 1261 1265 1267 1273 1333 1342 1344 1385 1403 1416 1460 1464 1471 1478 1483 1494 1500 taille 90
iterations 4 solution 1 11 26 68 73 100 103 112 131 133 166 179 214 217 233 261 264 276 312 332 358 389 396 403 420 428 433 434 438 439 444 475 514 529 555 562 564 599 615 622 689 691 723 738 749 767 819 826 863 878 906 907 917 922 940 945 960 974 990 1002 1005 1020 1027 1034 1039 1070 1072 1120 1145 1167 1171 1244 1261 1265 1267 1273 1333 1342 1344 1385 1403 1411 1416 1419 1460 1464 1471 1478 1483 1494 1500 taille 91
iterations 3 solution 1 11 26 68 73 100 103 112 131 133 166 179 214 217 233 261 264 276 312 332 358 389 392 396 403 420 428 433 434 438 444 475 514 555 562 564 599 615 622 689 691 723 738 749 767 819 826 853 863 878 906 907 917 922 940 945 960 974 990 1002 1005 1020 1027 1034 1039 1046 1070 1072 1120 1145 1167 1171 1244 1261 1265 1267 1273 1333 1342 1344 1385 1403 1411 1416 1419 1460 1464 1471 1478 1483 1494 1500 taille 92
iterations 47 solution 11 26 68 72 73 100 103 112 131 133 179 217 233 256 261 276 290 304 312 352 358 389 392 403 428 433 434 438 440 444 475 508 514 537 555 561 562 615 622 689 691 723 738 749 767 819 826 838 853 863 878 906 917 922 940 945 960 973 974 977 990 1002 1020 1027 1034 1039 1046 1072 1120 1145 1157 1167 1171 1194 1244 1261 1265 1267 1273 1333 1342 1344 1385 1394 1403 1411 1416 1419 1460 1464 1471 1478 1500 taille 93
iterations 0 solution 1 11 26 68 73 103 112 131 214 246 261 277 312 352 358 389 391 403 415 420 428 433 434 438 444 450 514 521 529 544 562 622 670 689 691 723 738 749 767 775 782 819 863 906 907 920 931 940 963 990 1002 1005 1034 1067 1072 1120 1121 1145 1163 1171 1173 1176 1235 1261 1267 1273 1333 1344 1385 1411 1419 1476 1478 1483 1493 taille 75
iterations 3 solution 11 26 68 73 103 112 131 214 246 261 277 312 352 358 389 403 415 420 428 433 434 438 444 450 514 521 529 537 544 562 622 670 689 691 723 738 749 767 775 782 819 863 906 907 920 931 940 963 990 1002 1005 1034 1067 1070 1072 1120 1121 1145 1163 1171 1173 1176 1235 1261 1267 1273 1333 1344 1385 1411 1419 1433 1476 1478 1483 1493 taille 76
iterations 7 solution 11 26 68 73 103 112 131 160 214 217 261 277 312 352 358 389 403 415 420 428 433 434 438 444 450 514 521 529 537 544 562 615 622 689 691 723 738 749 767 775 819 863 906 907 920 931 940 963 990 1002 1005 1034 1039 1067 1070 1072 1120 1121 1145 1163 1171 1173 1235 1261 1267 1273 1333 1344 1385 1411 1419 1433 1476 1478 1483 1493 1500 taille 77
iterations 6 solution 11 26 68 73 103 112 131 214 217 261 277 312 352 358 389 403 415 420 428 433 434 438 440 444 450 475 514 521 529 537 544 562 615 622 689 691 723 738 749 767 775 819 863 906 907 917 920 931 940 960 990 1002 1005 1027 1034 1039 1067 1070 1072 1120 1145 1163 1171 1173 1176 1261 1267 1273 1333 1344 1385 1411 1419 1433 1478 1483 1493 1500 taille 78
iterations 3 solution 11 26 68 73 103 112 131 166 214 217 261 277 312 352 358 389 392 403 415 420 428 433 434 438 440 444 450 475 514 521 529 537 544 549 562 615 622 689 691 723 738 749 767 775 819 863 906 907 917 920 931 940 960 990 1002 1027 1034 1039 1067 1070 1072 1120 1145 1163 1171 1176 1261 1267 1273 1333 1344 1385 1411 1419 1433 1478 1483 1493 1500 taille 79
iterations 3 solution 11 26 68 73 103 112 131 166 214 217 233 261 277 312 352 358 389 392 403 415 420 428 433 434 438 440 444 450 475 514 521 529 537 549 562 622 670 689 691 723 738 749 767 775 819 863 906 907 917 920 931 940 960 990 1002 1027 1034 1039 1067 1070 1072 1120 1145 1163 1171 1176 1261 1267 1273 1333 1344 1385 1411 1416 1419 1433 1478 1483 1493 1500 taille 80
iterations 2 solution 11 26 68 73 103 112 131 166 214 217 233 261 277 312 352 358 389 392 403 415 420 428 433 434 438 440 444 475 514 521 529 537 549 562 599 622 670 689 691 723 738 749 767 775 819 863 906 907 917 920 931 940 960 990 1002 1027 1034 1039 1067 1070 1072 1120 1145 1163 1171 1176 1261 1267 1273 1333 1344 1385 1411 1416 1419 1433 1471 1478 1483 1493 1500 taille 81
iterations 4 solution 11 26 68 73 103 112 131 166 214 217 233 261 312 352 358 389 392 403 415 420 428 433 434 438 440 444 475 514 521 529 537 549 562 599 622 670 689 691 723 738 749 767 775 819 863 906 907 917 920 931 940 960 990 1002 1006 1027 1034 1039 1067 1070 1072 1120 1145 1163 1167 1171 1176 1261 1267 1273 1333 1385 1416 1419 1433 1457 1460 1471 1478 1483 1493 1500 taille 82
iterations 2 solution 11 26 68 73 103 112 131 166 214 217 233 261 276 304 312 352 358 389 392 403 415 420 428 433 434 438 440 444 475 514 521 529 537 549 562 599 622 670 689 691 723 738 749 767 775 819 863 906 907 917 931 940 960 990 1002 1006 1027 1034 1039 1067 1070 1072 1120 1145 1163 1167 1171 1176 1261 1267 1273 1333 1385 1416 1419 1433 1457 1460 1471 1478 1483 1493 1500 taille 83
iterations 2 solution 11 26 68 73 103 112 131 166 214 217 233 261 276 304 312 352 358 389 392 403 415 420 428 433 434 438 440 444 475 514 521 529 537 549 562 599 622 670 689 691 723 738 749 767 775 819 826 863 906 907 917 931 940 960 974 990 1002 1006 1027 1034 1039 1067 1070 1072 1120 1145 1163 1167 1171 1176 1261 1267 1273 1333 1385 1416 1419 1457 1460 1471 1478 1483 1493 1500 taille 84
iterations 4 solution 11 26 68 73 103 112 166 214 217 233 261 276 304 312 352 358 389 392 403 415 420 428 433 434 438 440 444 475 514 521 537 549 562 599 622 670 689 691 723 738 749 767 775 819 826 863 906 907 917 931 940 960 974 990 1002 1006 1027 1034 1039 1046 1047 1067 1070 1072 1120 1145 1167 1171 1176 1261 1265 1267 1273 1333 1385 1416 1419 1457 1460 1464 1471 1478 1483 1493 1500 taille 85
iterations 5 solution 11 26 68 73 100 103 112 166 214 217 233 261 276 304 312 352 358 389 392 403 415 420 428 433 434 438 440 444 475 514 521 537 549 562 599 622 670 689 691 723 738 749 767 819 826 838 863 906 907 917 931 940 960 974 990 1002 1006 1027 1034 1039 1046 1047 1067 1072 1120 1145 1167 1171 1176 1261 1265 1267 1273 1333 1342 1344 1385 1416 1419 1460 1464 1471 1478 1483 1494 1500 taille 86
iterations 2 solution 11 26 68 73 100 103 112 166 214 217 233 261 276 304 312 352 358 389 392 403 415 420 428 433 434 438 440 444 475 514 521 537 549 562 599 622 670 689 691 723 738 749 767 819 826 838 863 906 907 917 922 931 940 960 974 990 1002 1006 1020 1027 1034 1039 1046 1047 1067 1072 1120 1145 1167 1171 1261 1265 1267 1273 1333 1342 1344 1385 1416 1419 1460 1464 1471 1478 1483 1494 1500 taille 87
iterations 2 solution 11 26 68 73 100 103 112 166 179 214 217 233 261 276 304 312 352 358 389 392 403 415 420 428 433 434 438 440 444 475 514 537 549 555 562 599 622 670 689 691 723 738 749 767 819 826 838 863 906 907 917 922 931 940 960 974 990 1002 1006 1020 1027 1034 1039 1046 1047 1067 1072 1120 1145 1167 1171 1261 1265 1267 1273 1333 1342 1344 1385 1416 1419 1460 1464 1471 1478 1483 1494 1500 taille 88
iterations 1 solution 11 26 68 73 100 103 112 133 166 179 214 217 233 261 276 304 312 352 358 389 392 403 415 420 428 433 434 438 440 444 475 514 537 549 555 562 599 622 670 689 691 723 738 749 767 819 826 838 863 906 907 917 922 931 940 960 974 990 1002 1006 1020 1027 1034 1039 1046 1047 1067 1072 1120 1145 1167 1171 1261 1265 1267 1273 1333 1342 1344 1385 1416 1419 1460 1464 1471 1478 1483 1494 1500 taille 89
iterations 5 solution 11 26 68 73 93 100 103 112 133 166 179 214 217 233 276 304 312 352 358 389 392 403 415 420 428 433 434 438 440 444 472 475 514 537 549 555 562 599 622 670 689 691 723 738 767 819 826 838 853 906 907 917 922 928 940 960 974 990 1002 1006 1020 1027 1034 1039 1046 1047 1067 1072 1120 1145 1167 1171 1261 1265 1267 1273 1333 1342 1344 1385 1389 1416 1419 1460 1464 1471 1478 1483 1494 1500 taille 90
iterations 25 solution 11 26 37 68 73 82 93 100 103 112 131 133 166 173 179 214 217 261 276 304 309 312 352 358 372 389 392 403 415 420 428 433 434 438 440 444 475 514 537 549 555 562 580 599 622 670 689 691 723 738 767 819 826 838 853 863 906 907 917 922 940 960 974 990 1002 1020 1027 1034 1046 1067 1072 1120 1157 1167 1171 1265 1267 1273 1342 1385 1389 1394 1403 1411 1416 1419 1460 1464 1471 1478 1500 taille 91
iterations 2 solution 11 26 37 68 73 82 93 100 103 112 131 133 166 173 179 214 217 261 264 276 304 309 312 358 372 389 392 396 403 415 420 428 433 434 438 440 444 475 514 537 549 555 562 580 599 622 670 689 691 723 738 767 819 826 838 853 863 906 907 917 922 940 960 974 990 1002 1020 1027 1034 1046 1067 1072 1120 1157 1167 1171 1265 1267 1273 1342 1385 1389 1394 1403 1411 1416 1419 1460 1464 1471 1478 1500 taille 92
iterations 26 solution 11 26 68 72 73 82 100 103 112 131 133 166 179 214 217 261 276 312 358 389 392 396 403 428 433 434 438 440 444 475 508 514 537 555 561 562 564 580 599 615 622 689 691 723 738 767 819 826 838 853 863 878 906 917 922 960 974 990 1002 1005 1020 1027 1034 1039 1046 1067 1072 1120 1145 1157 1167 1171 1244 1261 1265 1267 1273 1339 1342 1344 1385 1389 1394 1403 1411 1416 1419 1460 1464 1471 1478 1485 1500 taille 93
iterations 5 solution 11 26 68 82 93 100 103 112 131 133 166 179 214 217 261 274 276 312 358 389 392 396 403 428 433 434 438 440 444 475 508 514 537 555 561 562 564 580 599 622 689 691 723 738 767 819 826 838 853 863 878 906 907 917 922 945 960 974 977 990 1002 1005 1020 1027 1034 1039 1046 1072 1120 1145 1157 1167 1171 1244 1261 1265 1267 1273 1339 1342 1344 1385 1389 1394 1403 1411 1416 1419 1460 1464 1471 1478 1485 1500 taille 94
iterations 0 solution 1 11 26 68 73 103 112 131 214 246 261 277 312 352 358 389 391 403 415 420 428 433 434 438 444 450 514 521 529 544 562 622 670 689 691 723 738 749 767 775 782 819 863 906 907 920 931 940 963 990 1002 1005 1034 1067 1072 1120 1121 1145 1163 1171 1173 1176 1235 1261 1267 1273 1333 1344 1385 1411 1419 1476 1478 1483 1493 taille 75
iterations 2 solution 1 11 26 68 73 103 112 131 214 246 261 277 312 358 389 391 396 403 415 420 428 433 434 438 444 450 514 521 529 544 562 564 622 670 689 691 723 738 749 767 775 782 819 863 906 907 920 931 940 963 990 1002 1005 1034 1067 1072 1120 1121 1145 1163 1171 1173 1176 1235 1261 1267 1273 1333 1344 1385 1411 1419 1476 1478 1483 1493 taille 76
iterations 3 solution 1 11 26 68 73 103 112 131 135 214 246 261 277 312 358 389 396 403 415 420 428 433 434 438 440 444 450 514 521 529 544 562 564 622 670 689 691 723 738 749 767 775 782 819 863 906 907 920 931 940 963 990 1002 1005 1034 1067 1070 1072 1120 1145 1163 1171 1173 1176 1235 1261 1267 1273 1333 1344 1385 1411 1419 1476 1478 1483 1493 taille 77
iterations 7 solution 1 11 26 43 68 73 103 112 131 135 166 214 217 261 268 277 312 358 389 396 415 420 428 433 434 438 440 444 450 514 521 529 562 564 566 622 670 689 691 723 738 749 767 775 782 819 863 906 907 920 931 940 963 990 1002 1005 1034 1067 1070 1072 1120 1145 1163 1176 1235 1261 1267 1273 1319 1333 1344 1385 1411 1416 1419 1476 1483 1493 taille 78
iterations 2 solution 1 11 26 68 73 103 112 131 135 166 214 217 233 261 268 277 312 358 389 396 403 415 420 428 433 434 438 440 444 450 514 521 529 562 564 566 622 670 689 691 723 738 749 767 775 782 819 863 906 907 920 931 940 963 990 1002 1005 1034 1067 1070 1072 1120 1145 1163 1176 1235 1261 1267 1273 1319 1333 1344 1385 1411 1416 1419 1476 1483 1493 taille 79
iterations 3 solution 1 11 26 68 73 112 131 135 166 214 217 233 261 268 277 312 358 389 396 403 415 420 428 433 434 438 440 444 450 514 521 529 562 564 566 622 670 689 691 723 738 749 767 782 819 863 906 907 920 931 940 963 990 1002 1005 1034 1067 1070 1072 1101 1120 1145 1163 1176 1235 1261 1267 1273 1303 1319 1333 1342 1344 1385 1411 1416 1419 1476 1483 1493 taille 80
iterations 4 solution 1 11 26 68 73 131 135 166 214 217 233 261 268 277 312 358 389 392 396 403 415 420 428 433 434 438 440 444 450 514 521 529 562 564 566 622 670 689 691 723 738 749 767 782 819 863 906 907 920 931 940 963 990 1002 1005 1027 1034 1067 1070 1072 1101 1120 1145 1163 1176 1228 1235 1261 1267 1273 1303 1319 1333 1342 1344 1385 1411 1416 1419 1483 1494 taille 81
iterations 8 solution 11 26 68 73 131 135 166 214 217 233 261 264 268 277 358 389 392 396 403 415 420 428 433 434 438 440 444 450 514 521 529 537 562 564 566 622 670 689 691 723 738 749 767 782 819 826 863 906 907 917 920 940 963 990 1002 1005 1027 1034 1067 1069 1070 1072 1101 1120 1145 1157 1163 1176 1228 1261 1267 1273 1303 1319 1333 1342 1344 1385 1411 1416 1419 1494 taille 82
iterations 1 solution 11 26 68 73 131 135 166 214 217 233 261 264 268 277 358 389 392 396 403 415 420 428 433 434 438 440 444 450 475 514 521 529 537 562 564 566 622 670 689 691 723 738 749 767 782 819 826 863 906 907 917 920 940 963 990 1002 1005 1027 1034 1067 1069 1070 1072 1101 1120 1145 1157 1163 1176 1228 1261 1267 1273 1303 1319 1333 1342 1344 1385 1411 1416 1419 1494 taille 83
iterations 4 solution 11 26 68 73 131 135 166 214 217 233 261 264 268 277 358 389 392 396 403 415 420 428 433 434 438 440 444 450 475 514 521 529 537 562 564 566 606 622 670 689 691 723 738 767 782 819 826 863 906 907 917 920 940 945 963 990 1002 1005 1027 1034 1069 1070 1072 1101 1120 1145 1157 1163 1176 1228 1247 1261 1267 1273 1303 1319 1333 1342 1344 1385 1389 1411 1416 1494 taille 84
iterations 3 solution 11 26 68 73 131 135 166 214 217 233 261 264 268 277 312 358 389 392 396 403 415 420 428 433 434 438 440 444 450 475 514 521 529 537 562 564 566 606 622 670 689 691 723 738 767 782 819 826 863 906 907 917 920 940 945 963 990 1002 1005 1027 1034 1035 1070 1072 1101 1120 1145 1157 1163 1176 1228 1247 1261 1267 1273 1303 1319 1333 1342 1376 1385 1389 1411 1416 1494 taille 85
iterations 5 solution 11 26 73 100 135 166 214 217 233 240 261 264 268 277 312 358 389 392 396 403 415 420 428 433 434 438 440 444 475 521 529 537 562 564 566 606 622 670 683 689 691 723 738 767 782 819 826 863 906 907 917 920 940 945 963 990 1002 1005 1027 1034 1035 1070 1072 1101 1120 1145 1157 1163 1176 1228 1247 1261 1267 1273 1303 1319 1323 1333 1342 1376 1385 1389 1411 1416 1471 1494 taille 86
iterations 3 solution 11 26 73 100 135 166 214 217 233 240 261 264 268 290 312 358 389 392 396 403 415 420 428 433 434 438 440 444 475 529 537 555 562 564 566 606 622 670 683 689 691 723 738 767 782 819 826 863 906 907 917 920 940 945 963 990 1002 1005 1027 1034 1035 1070 1072 1101 1120 1145 1157 1163 1176 1228 1247 1261 1267 1273 1303 1319 1323 1333 1342 1376 1385 1389 1411 1416 1460 1471 1494 taille 87
iterations 5 solution 11 26 68 73 93 100 131 135 166 214 217 233 261 264 268 290 312 358 389 392 396 403 415 420 428 433 434 438 440 444 475 514 529 537 555 562 564 606 622 670 689 691 723 738 767 782 819 826 863 906 907 917 920 940 945 963 990 1002 1005 1027 1034 1035 1070 1072 1101 1120 1145 1157 1163 1167 1176 1228 1247 1261 1267 1273 1303 1319 1333 1342 1376 1385 1389 1411 1416 1460 1471 1494 taille 88
iterations 8 solution 11 26 73 93 100 103 133 135 166 214 217 233 261 264 268 276 290 312 358 389 392 396 403 415 420 428 433 434 438 440 444 475 514 529 537 555 562 564 606 622 670 683 689 691 723 738 767 819 826 906 907 917 922 928 940 945 963 990 1002 1005 1027 1034 1035 1070 1072 1120 1145 1157 1163 1167 1228 1247 1261 1267 1273 1303 1319 1323 1333 1342 1376 1385 1389 1411 1416 1460 1471 1494 1500 taille 89
iterations 42 solution 11 26 37 68 73 93 100 103 112 133 135 214 217 233 256 261 264 276 290 358 389 396 403 420 428 433 434 438 440 444 475 514 529 537 555 562 564 622 670 683 689 691 738 767 819 826 838 843 878 900 906 907 917 922 928 940 945 971 974 977 990 1002 1005 1027 1034 1035 1069 1072 1120 1145 1157 1163 1167 1173 1261 1273 1303 1333 1342 1385 1389 1403 1411 1413 1416 1419 1460 1471 1494 1500 taille 90
iterations 7 solution 11 26 37 68 73 93 100 103 112 133 214 217 233 261 264 276 290 358 389 392 396 403 420 428 433 434 438 440 444 475 514 529 537 555 562 564 622 670 683 689 691 738 767 819 826 838 843 863 878 900 906 907 917 922 940 945 963 971 974 977 990 1002 1005 1020 1027 1034 1035 1069 1072 1120 1145 1157 1167 1261 1265 1273 1303 1333 1342 1385 1389 1394 1403 1411 1413 1416 1419 1460 1464 1471 1500 taille 91
iterations 11 solution 11 26 37 68 72 73 93 100 103 112 133 214 217 233 256 261 264 276 290 358 389 392 396 403 420 428 433 434 438 440 444 475 514 537 555 562 564 622 670 689 691 738 767 819 826 838 843 853 863 878 900 906 917 922 940 945 960 971 974 977 990 1002 1005 1020 1027 1034 1035 1046 1047 1069 1072 1120 1145 1157 1167 1261 1265 1273 1333 1342 1385 1389 1394 1403 1413 1416 1419 1460 1464 1471 1478 1500 taille 92
iterations 47 solution 11 26 68 73 100 103 112 131 133 142 166 179 214 217 233 261 264 276 312 358 389 392 396 403 428 433 434 438 440 444 475 514 537 555 561 562 564 599 615 622 689 691 723 738 767 819 826 838 853 863 878 906 907 917 922 940 945 960 974 977 990 1002 1005 1020 1027 1034 1039 1046 1072 1120 1145 1157 1167 1171 1244 1261 1265 1267 1273 1333 1342 1344 1385 1389 1403 1411 1416 1419 1460 1471 1478 1494 1500 taille 93
iterations 68 solution 11 26 37 68 73 82 100 103 112 131 133 166 168 179 214 261 276 290 309 312 358 389 392 396 403 428 433 434 438 440 444 475 508 514 537 555 561 562 564 615 622 685 689 691 723 738 767 819 826 838 853 863 878 906 907 917 922 945 960 974 977 990 1002 1005 1020 1027 1035 1046 1072 1120 1145 1157 1167 1171 1244 1261 1265 1267 1273 1339 1342 1385 1389 1394 1403 1411 1416 1419 1460 1464 1471 1478 1485 1500 taille 94
