iterations 0 time 0 solution 5 6 21 37 52 53 61 97 108 110 113 118 132 137 139 147 155 181 194 204 205 230 242 244 268 280 291 295 310 336 339 381 404 406 415 427 442 451 455 484 488 490 493 taille 43
iterations 4 time 0 solution 5 21 37 52 53 61 97 108 110 113 118 132 139 147 153 155 181 194 204 205 220 230 242 244 268 280 291 295 310 332 336 339 404 406 415 427 442 451 455 484 488 490 493 498 taille 44
iterations 7 time 0 solution 5 21 37 52 53 61 97 108 110 118 132 139 147 153 155 181 194 204 205 220 230 238 242 244 268 280 290 291 295 299 310 332 336 339 406 415 427 442 451 455 484 488 490 493 498 taille 45
iterations 8 time 0 solution 5 21 37 52 53 61 97 108 110 118 132 134 139 147 153 155 181 194 204 205 220 230 238 242 244 268 280 290 291 295 299 310 332 336 339 406 415 427 442 451 455 484 488 490 493 498 taille 46
iterations 18 time 0 solution 5 13 21 52 53 54 61 68 94 97 110 132 134 139 147 153 181 185 194 204 205 220 230 238 242 244 268 290 291 295 299 300 310 327 331 332 406 415 427 442 451 455 475 484 490 493 498 taille 47
iterations 20 time 0 solution 5 13 21 52 53 54 61 68 94 95 97 110 132 134 147 149 153 181 185 194 204 205 220 230 238 242 244 268 290 291 295 299 300 310 327 331 332 406 415 427 442 451 455 475 484 490 493 498 taille 48
iterations 24 time 0 solution 5 13 21 28 52 54 61 68 94 95 97 110 132 134 147 149 153 181 185 194 204 205 220 230 238 242 244 268 290 291 295 300 310 327 331 332 357 404 415 427 442 451 455 475 478 484 490 493 498 taille 49
iterations 26 time 0 solution 5 13 21 28 52 54 61 68 94 95 97 110 132 134 147 149 153 181 185 194 204 205 220 230 238 242 244 268 290 291 295 300 305 310 327 331 332 357 404 407 415 427 442 451 455 475 478 484 490 493 taille 50
iterations 36 time 0 solution 13 21 28 37 52 61 68 95 97 110 132 134 147 148 149 153 155 181 185 186 204 205 220 230 238 242 244 268 290 291 295 310 327 331 332 351 381 398 404 406 407 415 442 443 450 451 475 478 484 490 493 taille 51
iterations 111 time 1 solution 21 28 31 33 34 50 61 68 97 110 112 124 134 148 149 153 155 163 185 186 189 204 205 211 220 230 242 244 247 268 290 295 305 327 331 332 338 351 381 395 398 400 404 406 407 411 415 450 475 478 490 493 taille 52
iterations 118 time 1 solution 21 28 31 33 50 61 68 90 97 110 112 124 128 134 148 149 155 163 185 186 189 204 205 211 220 229 230 242 244 247 268 290 295 296 305 331 332 351 367 381 395 398 400 404 406 407 411 415 449 450 451 478 490 taille 53
iterations 586 time 8 solution 5 27 28 31 50 61 68 90 97 103 110 113 114 122 124 143 149 153 155 163 186 189 194 204 244 247 268 302 316 319 323 331 332 338 343 357 359 381 386 390 400 404 405 410 411 413 415 419 430 451 454 468 490 493 taille 54
iterations 589 time 8 solution 5 21 27 28 31 50 61 68 90 97 103 110 114 122 124 143 149 153 155 163 186 189 194 204 244 247 268 290 302 305 316 319 323 331 332 338 343 357 359 381 386 390 400 404 405 410 411 413 415 419 451 454 468 490 493 taille 55
iterations 5374 time 59 solution 6 46 49 50 61 68 72 87 105 108 110 130 137 140 145 147 148 154 167 169 176 177 181 182 194 215 223 230 231 244 245 262 266 284 290 305 310 312 321 335 336 348 367 370 374 378 385 411 424 427 428 448 484 488 490 493 taille 56
