iterations 0 time 0 solution 3 23 29 30 33 66 101 102 103 114 133 154 166 180 241 286 298 320 321 326 352 374 385 389 407 419 435 439 470 473 482 508 516 527 535 541 575 627 659 687 692 696 730 739 745 792 830 843 886 897 934 946 985 taille 53
iterations 6 time 0 solution 3 29 30 33 66 101 102 103 114 133 154 163 166 180 184 241 286 298 320 321 352 374 385 389 407 419 435 439 470 473 508 517 527 535 541 627 659 674 687 692 696 730 739 744 745 792 830 843 886 897 934 946 985 987 taille 54
iterations 15 time 0 solution 3 29 30 33 51 66 101 103 114 133 154 163 166 180 184 235 241 286 298 320 321 352 374 375 389 407 419 435 439 470 473 480 487 508 517 527 535 590 621 627 659 674 687 692 696 730 744 792 843 861 886 929 946 985 987 taille 55
iterations 17 time 1 solution 3 29 30 33 51 66 101 103 114 133 154 163 166 180 184 235 241 286 298 320 321 352 374 375 389 407 419 435 439 470 473 480 487 508 517 527 535 590 621 627 659 674 687 692 696 711 730 744 792 843 861 886 914 929 985 987 taille 56
iterations 18 time 1 solution 3 29 30 33 51 66 101 103 114 133 154 163 166 180 184 235 241 286 298 320 321 352 366 374 375 389 407 419 435 439 470 473 480 487 508 517 527 535 590 621 627 659 674 687 692 696 711 730 744 792 843 861 886 914 929 985 987 taille 57
iterations 23 time 1 solution 3 33 51 66 101 103 114 133 154 163 166 180 184 235 241 286 298 320 321 352 366 374 375 389 407 419 435 439 470 473 487 498 508 517 527 535 590 621 633 659 674 687 692 696 711 730 744 792 843 856 861 886 914 929 934 947 985 987 taille 58
iterations 36 time 2 solution 3 14 15 33 37 51 66 101 103 114 125 133 163 166 180 184 235 282 286 298 318 320 321 352 374 375 389 407 419 435 439 468 470 473 487 498 508 517 527 535 590 621 633 659 674 687 696 730 792 843 856 861 909 929 934 939 946 987 1000 taille 59
iterations 70 time 4 solution 15 22 23 29 33 58 66 90 101 103 105 114 133 149 163 180 184 235 267 282 297 298 321 350 374 375 378 389 395 407 419 435 468 470 508 527 531 535 541 590 597 621 633 674 677 682 687 696 730 744 749 751 843 856 895 909 946 978 985 987 taille 60
iterations 110 time 6 solution 15 23 29 33 58 66 90 103 105 114 133 149 163 180 184 267 276 282 297 298 321 374 375 378 389 395 419 455 468 473 475 508 527 531 541 550 590 597 618 621 633 674 677 682 687 693 696 739 744 745 749 751 831 843 853 856 895 909 946 985 987 taille 61
iterations 150 time 8 solution 15 23 28 29 33 58 66 83 90 105 114 129 149 180 184 188 214 244 267 276 282 297 298 375 385 395 419 424 455 468 473 475 484 495 508 527 531 539 550 553 569 590 591 597 618 621 633 684 693 696 701 739 744 745 749 843 851 853 910 922 966 987 taille 62
iterations 603 time 26 solution 23 37 50 102 105 114 133 135 148 160 173 177 188 241 256 267 282 286 298 321 340 375 389 407 408 469 476 527 531 541 550 555 564 575 579 581 612 633 657 674 687 701 730 739 743 744 745 751 759 784 792 795 817 831 853 889 908 909 913 946 969 973 996 taille 63
iterations 641 time 28 solution 23 37 50 102 105 114 133 135 148 160 163 166 173 188 192 217 241 256 267 286 298 320 321 340 375 389 407 408 438 469 527 531 541 550 555 564 579 581 612 614 633 657 674 687 701 730 739 743 744 745 751 759 784 792 795 817 831 889 909 934 946 969 973 996 taille 64
iterations 718 time 32 solution 22 23 37 50 62 102 107 114 135 148 160 163 166 173 177 188 241 256 280 282 286 290 298 321 340 375 381 389 407 408 423 439 476 519 527 541 550 555 564 579 612 633 657 674 687 693 701 725 739 743 745 751 770 784 792 795 853 875 889 900 909 913 946 969 973 taille 65
