iterations 0 time 0 solution 35 55 67 74 87 100 152 156 159 166 177 180 200 201 226 231 239 259 263 266 286 288 300 309 316 327 328 359 361 365 377 379 388 391 401 420 433 441 482 483 486 488 499 taille 43
iterations 2 time 0 solution 35 55 67 74 87 100 152 156 159 166 177 180 200 201 215 226 231 239 259 263 264 266 286 288 300 309 316 327 328 359 361 365 377 379 388 391 401 433 441 482 483 486 488 499 taille 44
iterations 4 time 0 solution 35 55 67 74 87 100 152 156 159 166 177 200 201 215 226 231 239 259 263 264 266 279 286 288 300 309 316 327 328 359 361 365 377 379 388 389 391 401 433 441 482 483 486 488 499 taille 45
iterations 11 time 0 solution 21 35 55 67 74 87 127 152 156 159 166 177 200 201 211 215 226 231 259 263 264 266 279 286 288 300 309 316 327 328 352 359 361 365 377 379 388 389 401 429 433 441 482 483 486 499 taille 46
iterations 14 time 0 solution 21 35 55 67 74 75 87 127 152 156 159 173 177 200 201 211 215 226 231 259 263 264 266 279 288 300 309 316 327 328 352 359 361 365 377 379 386 388 389 401 429 433 441 482 483 486 499 taille 47
iterations 22 time 0 solution 21 37 67 74 75 87 124 127 132 152 156 159 165 173 177 201 211 215 226 231 259 264 266 274 279 288 300 303 309 327 328 350 352 359 361 365 377 379 386 388 389 429 433 441 465 483 486 499 taille 48
iterations 40 time 0 solution 7 21 51 54 74 75 76 87 91 127 132 148 152 159 165 169 173 177 201 211 215 226 231 259 263 264 266 284 288 300 303 309 327 328 350 352 361 377 379 386 388 389 397 433 434 465 483 497 499 taille 49
iterations 43 time 0 solution 7 21 51 54 74 75 76 87 91 96 127 132 148 152 159 165 169 177 209 211 215 226 231 242 259 263 264 266 284 288 300 303 309 327 328 350 352 361 377 379 386 388 389 397 433 434 465 483 497 499 taille 50
iterations 98 time 1 solution 18 21 35 38 51 74 76 87 89 96 102 133 156 165 166 172 177 180 197 199 200 209 211 215 226 231 242 259 263 266 288 300 303 309 320 323 327 350 352 361 363 379 386 388 422 429 441 468 470 483 486 taille 51
iterations 118 time 1 solution 18 21 55 67 74 76 87 89 96 102 116 132 156 159 166 172 180 197 200 209 215 226 227 231 242 255 259 263 266 288 300 303 310 320 327 328 350 352 361 363 379 383 386 388 422 433 441 443 444 482 483 488 taille 52
iterations 164 time 2 solution 5 18 52 55 72 84 87 89 91 94 96 104 122 132 138 158 176 177 180 182 186 199 200 209 224 226 228 231 239 246 263 266 284 303 309 314 320 323 327 328 338 346 352 379 388 397 398 401 422 444 453 483 488 taille 53
iterations 418 time 4 solution 5 40 42 52 55 72 76 79 87 91 94 96 104 122 127 132 144 147 158 165 176 180 181 182 186 188 199 200 209 224 226 231 239 246 256 263 264 284 289 290 303 309 320 327 328 346 352 379 386 397 435 453 483 497 taille 54
iterations 1036 time 10 solution 8 18 55 67 70 72 91 99 102 104 122 129 132 150 158 176 177 180 186 197 199 200 204 208 214 226 239 241 263 266 284 298 314 318 320 327 328 338 345 346 351 379 388 391 397 401 412 421 422 431 444 451 453 482 483 taille 55
iterations 10710 time 102 solution 18 58 61 63 65 67 70 74 79 81 95 102 104 125 158 165 166 172 177 178 180 186 196 200 204 210 226 232 239 244 252 256 271 277 293 303 309 318 320 321 327 328 342 346 351 368 370 379 383 420 421 423 449 483 486 496 taille 56
iterations 0 time 0 solution 35 55 67 74 87 100 152 156 159 166 177 180 200 201 226 231 239 259 263 266 286 288 300 309 316 327 328 359 361 365 377 379 388 391 401 420 433 441 482 483 486 488 499 taille 43
iterations 2 time 0 solution 35 55 67 74 87 100 152 156 159 166 177 180 200 201 215 226 231 239 259 263 264 266 286 288 300 309 316 327 328 359 361 365 377 379 388 391 401 433 441 482 483 486 488 499 taille 44
iterations 4 time 0 solution 35 55 67 74 87 100 127 152 156 159 166 177 180 200 201 206 215 226 231 239 259 263 264 266 286 288 300 309 316 327 328 359 361 365 377 379 388 401 433 441 482 483 486 488 499 taille 45
iterations 8 time 0 solution 35 55 67 74 87 127 152 156 166 177 180 200 201 206 215 226 231 239 243 259 263 264 266 286 288 300 309 316 327 328 352 359 361 365 377 388 401 433 441 470 482 483 486 488 489 499 taille 46
iterations 11 time 0 solution 35 55 67 74 87 96 127 152 156 166 177 180 200 206 209 215 226 231 239 243 259 263 264 266 288 300 309 316 327 328 352 359 361 365 377 386 388 401 433 441 470 482 483 486 488 489 499 taille 47
iterations 14 time 0 solution 35 40 55 74 87 96 127 152 156 166 177 180 200 206 209 224 226 231 239 243 259 263 264 266 288 290 300 309 316 327 328 352 359 361 365 377 386 388 401 433 441 470 482 483 486 488 489 499 taille 48
iterations 15 time 0 solution 35 40 55 74 87 96 127 152 156 166 177 180 200 206 209 224 226 231 239 243 259 263 264 266 288 290 300 309 316 323 327 328 352 359 361 365 377 386 388 401 433 441 470 482 483 486 488 489 499 taille 49
iterations 20 time 0 solution 35 40 74 75 87 96 127 152 156 166 177 180 200 206 209 211 224 226 231 243 259 263 264 266 288 290 309 316 323 325 327 328 352 359 361 365 377 386 388 401 429 433 441 470 479 482 483 486 489 499 taille 50
iterations 22 time 0 solution 35 40 74 75 87 96 124 127 152 156 166 177 200 206 209 211 224 226 231 243 259 263 264 266 279 288 290 309 316 323 325 327 328 352 359 361 365 377 386 388 401 429 433 441 470 479 482 483 486 489 499 taille 51
iterations 106 time 1 solution 31 35 40 52 55 70 72 76 96 104 110 122 158 166 171 174 176 177 180 200 206 211 228 231 241 244 252 259 263 264 282 290 293 306 309 314 318 320 327 346 359 379 388 393 401 405 414 429 441 482 483 496 taille 52
iterations 110 time 1 solution 31 35 40 52 55 70 72 76 96 104 110 122 158 166 171 174 176 177 180 206 211 228 231 241 244 252 259 263 264 281 282 290 293 306 309 314 318 320 327 346 359 372 379 393 401 405 414 416 429 441 483 496 497 taille 53
iterations 639 time 6 solution 7 8 22 31 70 86 96 104 122 125 132 133 165 175 176 180 206 215 224 226 227 231 237 239 256 259 263 265 272 288 292 303 314 320 323 327 352 365 379 393 404 411 416 421 432 441 443 444 461 462 468 480 483 499 taille 54
iterations 641 time 6 solution 7 22 31 54 70 86 96 104 122 125 132 133 144 165 175 176 180 206 215 224 226 227 231 237 239 256 259 263 265 272 288 292 303 314 320 323 327 352 365 379 393 404 411 416 421 432 441 443 444 461 462 468 480 483 499 taille 55
iterations 0 time 0 solution 35 55 67 74 87 100 152 156 159 166 177 180 200 201 226 231 239 259 263 266 286 288 300 309 316 327 328 359 361 365 377 379 388 391 401 420 433 441 482 483 486 488 499 taille 43
iterations 2 time 0 solution 35 55 67 74 87 100 129 141 152 156 159 166 177 180 200 201 226 231 239 259 263 266 286 288 300 309 316 327 328 359 361 365 377 379 388 391 401 420 433 441 482 483 486 499 taille 44
iterations 4 time 0 solution 35 55 67 74 87 100 104 129 141 152 156 159 166 177 180 200 201 226 231 239 259 263 266 286 288 300 309 316 327 328 345 359 365 377 379 388 391 401 420 433 441 482 483 486 499 taille 45
iterations 6 time 0 solution 35 55 67 74 87 100 104 129 141 152 156 159 166 177 180 200 201 215 226 231 239 259 263 264 266 286 288 300 309 316 327 328 345 359 365 377 379 388 391 401 433 441 482 483 486 499 taille 46
iterations 10 time 0 solution 35 67 74 75 87 100 104 127 129 141 152 156 159 166 177 180 200 201 206 215 226 231 239 259 263 264 266 288 300 309 316 327 328 345 359 365 377 379 388 401 433 441 446 482 483 486 499 taille 47
iterations 19 time 0 solution 35 74 75 87 100 104 127 129 152 155 156 159 166 177 179 180 200 206 215 226 231 239 243 249 259 263 264 266 288 309 316 323 325 327 328 345 350 359 365 377 386 400 441 446 482 483 486 499 taille 48
iterations 21 time 0 solution 35 74 75 87 100 104 127 129 152 155 156 159 166 177 179 180 200 206 215 226 231 239 243 259 263 264 265 266 288 309 316 323 325 327 328 345 350 359 365 377 386 400 433 441 446 482 483 486 499 taille 49
iterations 29 time 0 solution 33 74 75 87 104 127 129 132 152 155 156 159 166 177 179 200 206 209 215 226 231 239 259 263 265 266 288 309 316 323 325 328 343 345 350 359 363 365 377 383 386 400 425 433 441 446 482 486 487 499 taille 50
iterations 54 time 1 solution 40 55 74 75 100 104 129 132 152 155 156 159 165 166 175 177 179 200 206 226 227 231 236 239 256 263 288 316 323 325 327 328 341 345 351 363 365 377 383 386 399 400 422 424 425 433 441 483 486 487 499 taille 51
iterations 77 time 1 solution 4 17 44 74 75 87 104 129 132 141 152 155 156 159 165 179 206 209 215 226 228 231 236 239 252 256 263 265 288 309 316 323 325 327 341 345 357 377 383 394 397 407 422 433 441 446 448 483 485 486 487 494 taille 52
iterations 259 time 4 solution 7 40 55 74 87 104 123 127 129 132 141 152 155 156 159 160 165 166 177 180 182 200 206 209 226 231 239 256 263 265 266 286 288 290 309 316 323 325 327 328 341 345 351 359 363 365 374 383 400 425 433 435 499 taille 53
iterations 521 time 6 solution 6 7 22 74 82 86 100 118 129 132 141 152 156 162 165 179 180 188 200 206 228 229 231 238 239 244 249 256 259 267 272 274 286 288 316 325 327 328 357 359 361 365 407 420 421 424 425 441 444 446 483 484 497 499 taille 54
iterations 994 time 11 solution 9 17 74 87 92 100 105 129 132 141 152 156 159 178 182 183 188 192 193 200 204 206 207 228 229 236 238 239 244 249 256 272 274 290 299 315 316 327 357 359 365 378 394 401 407 420 425 446 448 451 483 484 486 487 499 taille 55
iterations 5126 time 52 solution 12 25 35 36 40 44 51 60 74 75 87 96 98 100 101 110 123 127 133 134 137 152 160 179 186 197 227 230 231 245 246 265 269 271 298 299 300 310 316 323 327 341 342 345 350 366 370 374 381 394 397 429 433 463 466 499 taille 56
iterations 0 time 0 solution 35 55 67 74 87 100 152 156 159 166 177 180 200 201 226 231 239 259 263 266 286 288 300 309 316 327 328 359 361 365 377 379 388 391 401 420 433 441 482 483 486 488 499 taille 43
iterations 5 time 0 solution 35 67 74 87 100 152 155 156 159 166 177 180 200 226 231 239 243 259 263 266 270 286 288 300 309 316 327 328 359 361 365 377 388 391 401 420 441 446 479 482 483 486 488 499 taille 44
iterations 7 time 0 solution 35 67 74 87 100 155 156 159 166 172 174 177 180 200 226 231 239 243 259 263 266 270 286 288 300 309 316 327 328 359 361 365 377 388 391 401 420 441 446 479 482 483 486 488 499 taille 45
iterations 9 time 0 solution 35 74 87 100 155 156 159 166 172 174 177 180 200 226 231 239 243 259 263 266 270 286 288 290 300 309 316 323 327 328 359 361 365 377 388 391 401 420 441 446 479 482 483 486 488 499 taille 46
iterations 12 time 0 solution 35 74 87 100 155 156 159 166 172 174 177 180 200 226 228 231 239 243 259 263 264 266 270 286 288 290 309 316 323 327 328 359 361 365 377 388 391 393 401 441 446 479 482 483 486 488 499 taille 47
iterations 14 time 0 solution 35 52 74 87 100 155 156 159 166 172 174 177 180 200 226 228 231 239 243 259 263 264 266 270 286 288 290 309 316 323 327 328 359 361 365 377 388 391 393 401 441 446 464 479 482 483 486 488 taille 48
iterations 16 time 0 solution 35 52 74 87 89 100 155 156 159 166 172 174 177 180 200 226 228 231 239 243 259 263 264 266 286 288 290 309 316 323 327 328 359 361 365 377 388 391 393 401 433 441 446 464 479 482 483 486 488 taille 49
iterations 19 time 0 solution 35 52 74 87 89 100 155 156 159 166 172 174 177 180 200 226 228 231 239 243 263 264 266 286 288 290 309 316 323 325 327 328 351 359 361 365 377 388 391 393 399 401 433 441 446 464 479 482 483 486 taille 50
iterations 82 time 1 solution 34 52 53 74 84 87 94 100 124 145 152 156 177 186 192 200 224 226 228 231 266 286 290 306 309 316 323 325 327 328 361 367 377 379 383 388 391 394 397 401 420 429 433 441 446 449 464 470 479 482 486 taille 51
iterations 138 time 1 solution 9 34 52 55 74 84 87 89 94 100 108 156 172 177 186 192 200 224 226 228 239 256 266 286 290 299 303 309 320 323 327 328 340 349 351 361 363 367 377 379 383 391 397 401 420 431 433 441 449 464 483 486 taille 52
iterations 141 time 1 solution 9 34 52 55 74 76 84 87 89 94 100 108 156 172 177 186 192 200 224 226 228 239 256 266 290 299 303 309 320 323 327 328 340 349 361 363 367 377 379 383 391 397 398 401 420 431 433 441 449 464 483 486 488 taille 53
iterations 287 time 3 solution 18 23 34 52 56 74 84 87 89 94 100 132 139 156 158 172 177 178 182 192 199 200 207 224 226 228 238 239 253 266 283 290 299 309 323 328 338 353 359 361 367 379 383 388 391 398 401 420 431 446 479 483 486 488 taille 54
iterations 5853 time 57 solution 8 9 10 31 34 37 40 55 62 67 70 76 84 100 104 113 114 132 150 172 175 180 200 204 213 220 239 272 285 292 293 314 320 327 328 350 359 379 388 393 404 405 417 421 444 451 463 468 473 483 488 493 495 496 499 taille 55
