iterations 0 time 0 solution 2 3 30 43 53 59 75 77 81 90 95 101 115 116 118 122 135 143 149 151 165 168 178 206 211 215 220 222 227 233 247 253 279 292 293 294 302 340 342 360 364 375 388 390 400 taille 45
iterations 3 time 0 solution 2 3 30 43 53 59 75 77 81 90 95 101 115 116 118 122 135 143 149 151 165 168 178 206 211 215 220 222 227 233 247 253 259 279 285 293 294 302 340 342 360 375 388 390 391 400 taille 46
iterations 10 time 0 solution 2 3 30 43 59 75 77 81 90 95 101 116 135 143 149 150 151 165 168 174 178 206 211 215 220 222 224 227 233 247 253 259 279 285 287 293 294 340 342 360 373 375 388 389 390 391 400 taille 47
iterations 13 time 0 solution 2 3 30 43 59 75 77 81 95 101 116 135 143 149 150 151 165 168 174 178 182 206 211 215 220 222 224 227 233 247 253 259 279 285 287 293 294 317 338 340 342 360 373 375 389 390 391 400 taille 48
iterations 29 time 0 solution 2 3 15 18 30 43 59 75 77 81 89 95 101 112 118 122 135 140 143 150 151 165 168 174 182 206 211 215 222 227 233 246 247 253 279 285 294 298 301 317 338 342 360 364 375 384 389 390 400 taille 49
iterations 90 time 1 solution 2 3 18 30 35 43 55 59 73 75 77 81 95 112 118 133 140 143 149 150 151 168 174 178 182 202 211 215 222 233 246 247 250 253 256 287 292 294 298 301 338 345 360 383 384 385 389 390 391 400 taille 50
iterations 129 time 1 solution 6 9 11 15 18 24 27 30 43 53 55 95 112 113 118 132 142 143 150 151 155 171 173 174 178 196 211 215 222 227 230 240 243 246 247 250 253 257 270 278 292 294 301 342 345 374 389 390 393 399 400 taille 51
iterations 134 time 1 solution 6 9 11 15 18 27 30 43 53 55 95 101 112 113 118 132 142 143 150 151 155 171 174 178 196 211 215 222 227 230 240 243 246 247 250 257 270 278 292 294 301 338 341 342 345 359 374 389 390 391 399 400 taille 52
iterations 135 time 1 solution 6 9 11 15 16 18 27 30 43 53 55 95 101 112 113 118 132 142 143 150 151 155 171 174 178 196 211 215 222 227 230 240 243 246 247 250 257 270 278 292 294 301 338 341 342 345 359 374 389 390 391 399 400 taille 53
iterations 136 time 1 solution 6 9 11 15 16 18 27 30 43 53 55 95 101 112 113 118 132 140 142 143 150 151 155 171 174 178 196 211 215 222 227 230 240 243 246 247 250 257 270 278 292 294 301 338 341 342 345 359 374 389 390 391 399 400 taille 54
iterations 144 time 1 solution 6 9 11 16 18 27 30 43 53 54 55 58 75 95 101 102 112 113 132 140 142 143 145 150 151 155 171 174 177 178 196 222 227 234 240 243 246 247 250 257 270 278 301 338 341 342 345 359 374 389 390 391 395 399 400 taille 55
iterations 149 time 1 solution 6 9 11 16 18 27 30 43 48 53 54 55 58 95 101 112 113 118 132 140 142 143 145 150 155 157 171 174 177 178 196 222 227 230 234 240 243 246 250 257 270 278 301 322 338 341 342 345 359 374 389 390 391 395 399 400 taille 56
iterations 154 time 1 solution 6 9 11 16 18 27 30 42 43 48 53 54 55 58 95 101 105 112 113 118 121 132 140 142 143 145 150 155 157 171 174 177 196 222 225 230 234 240 243 246 250 257 270 278 301 314 322 341 345 359 374 389 390 391 395 399 400 taille 57
iterations 155 time 1 solution 6 9 11 16 18 27 30 42 43 48 53 54 55 58 95 101 105 112 113 118 121 132 140 142 143 145 150 155 157 171 174 177 196 222 225 230 234 240 243 246 250 257 270 278 301 308 314 322 341 345 359 374 389 390 391 395 399 400 taille 58
iterations 160 time 1 solution 6 9 11 16 18 25 27 30 42 43 48 54 55 58 95 101 102 105 112 113 121 132 140 142 143 145 150 155 157 171 174 177 180 196 222 225 230 234 243 246 250 265 270 278 301 308 314 322 341 345 359 374 387 389 390 391 395 399 400 taille 59
iterations 161 time 1 solution 6 9 11 16 18 25 27 30 42 43 48 54 55 58 60 95 101 102 105 112 113 121 132 140 142 143 145 150 155 157 171 174 177 180 196 222 225 230 234 243 246 250 265 270 278 301 308 314 322 341 345 359 374 387 389 390 391 395 399 400 taille 60
iterations 162 time 1 solution 6 9 11 16 18 25 27 30 42 43 48 54 55 58 60 95 101 102 105 112 113 121 132 140 142 143 145 150 155 157 171 174 177 180 196 222 225 230 234 243 245 246 250 265 270 278 301 308 314 322 341 345 359 374 387 389 390 391 395 399 400 taille 61
iterations 163 time 2 solution 6 9 11 16 18 25 27 30 42 43 48 54 55 58 60 95 101 102 105 112 113 121 124 132 140 142 143 145 150 155 157 171 174 177 180 196 222 225 230 234 243 245 246 250 265 270 278 301 308 314 322 341 345 359 374 387 389 390 391 395 399 400 taille 62
iterations 164 time 2 solution 6 9 11 16 18 25 27 30 42 43 48 54 55 58 60 95 99 101 102 105 112 113 121 124 132 140 142 143 145 150 155 157 171 174 177 180 196 222 225 230 234 243 245 246 250 265 270 278 301 308 314 322 341 345 359 374 387 389 390 391 395 399 400 taille 63
iterations 166 time 2 solution 6 9 11 16 18 25 27 30 43 48 54 55 58 60 95 99 101 102 105 112 113 121 124 132 140 142 143 145 150 155 157 171 174 177 180 196 222 225 230 234 243 245 246 250 265 270 278 301 308 314 322 338 341 345 347 359 374 387 389 390 391 395 399 400 taille 64
iterations 168 time 2 solution 6 9 11 16 18 25 27 30 43 48 50 54 55 58 60 67 95 99 101 102 105 112 113 121 124 132 140 142 143 145 150 155 157 171 174 177 180 196 222 225 230 234 243 245 246 250 265 270 301 308 314 322 338 341 345 347 359 374 387 389 390 391 395 399 400 taille 65
iterations 170 time 2 solution 6 9 11 16 18 25 27 30 43 48 50 54 55 58 60 67 95 99 101 102 105 112 113 121 124 132 140 142 143 145 150 155 157 171 174 177 180 196 222 225 230 234 243 245 246 250 265 270 301 308 314 322 333 335 338 341 345 347 359 374 387 389 391 395 399 400 taille 66
iterations 171 time 2 solution 6 9 11 16 18 25 27 30 43 48 50 54 55 58 60 67 95 99 101 102 104 105 112 113 121 124 132 140 142 143 145 150 155 157 171 174 177 180 196 222 225 230 234 243 245 246 250 265 270 301 308 314 322 333 335 338 341 345 347 359 374 387 389 391 395 399 400 taille 67
iterations 172 time 2 solution 6 9 11 16 18 25 27 30 43 48 50 54 55 58 60 67 95 99 101 102 104 105 112 113 121 124 132 140 142 143 145 150 155 157 171 174 177 180 196 222 225 230 234 243 245 246 250 265 270 301 308 314 322 333 335 338 341 345 347 359 374 381 387 389 391 395 399 400 taille 68
iterations 173 time 2 solution 6 9 11 16 18 25 27 30 43 48 50 54 55 58 60 67 93 95 99 101 102 104 105 112 113 121 124 132 140 142 143 145 150 155 157 171 174 177 180 196 222 225 230 234 243 245 246 250 265 270 301 308 314 322 333 335 338 341 345 347 359 374 381 387 389 391 395 399 400 taille 69
iterations 175 time 2 solution 6 9 11 16 18 25 27 30 43 48 50 54 55 58 60 67 93 95 99 101 102 104 105 112 113 121 124 132 140 142 143 145 150 155 157 171 174 177 180 196 222 225 230 234 243 245 246 250 263 265 301 308 314 322 333 335 338 341 345 347 359 368 374 381 387 389 391 395 399 400 taille 70
iterations 176 time 2 solution 6 9 11 16 18 25 27 30 43 48 50 54 55 58 60 67 93 95 99 101 102 104 105 112 113 121 124 132 140 142 143 145 150 155 157 163 171 174 177 180 196 222 225 230 234 243 245 246 250 263 265 301 308 314 322 333 335 338 341 345 347 359 368 374 381 387 389 391 395 399 400 taille 71
iterations 178 time 2 solution 6 9 11 16 18 25 27 30 43 48 50 54 55 58 60 67 93 95 99 101 102 104 105 112 113 117 121 124 132 140 142 143 145 150 155 157 163 171 174 177 180 196 222 225 230 243 245 246 250 263 265 301 308 314 322 333 335 338 341 345 347 359 368 374 381 383 387 389 391 395 399 400 taille 72
iterations 179 time 2 solution 6 9 11 16 18 25 27 30 43 48 50 54 55 58 60 67 93 95 99 101 102 104 105 112 113 117 121 124 132 140 142 143 145 150 155 157 163 171 174 177 180 196 205 222 225 230 243 245 246 250 263 265 301 308 314 322 333 335 338 341 345 347 359 368 374 381 383 387 389 391 395 399 400 taille 73
iterations 180 time 2 solution 6 9 11 16 18 25 27 30 43 48 50 54 55 58 60 67 93 95 99 101 102 104 105 112 113 117 121 124 132 140 142 143 145 150 155 157 163 171 174 177 180 196 205 222 225 230 243 245 246 250 263 265 284 301 308 314 322 333 335 338 341 345 347 359 368 374 381 383 387 389 391 395 399 400 taille 74
iterations 182 time 2 solution 6 9 11 16 18 25 27 30 48 50 54 55 58 60 67 93 95 99 101 102 104 105 106 112 113 117 121 124 132 140 142 143 145 150 155 157 163 171 174 177 180 192 196 205 222 225 230 243 245 246 250 263 265 284 301 308 314 322 333 335 338 341 345 347 359 368 374 381 383 387 389 391 395 399 400 taille 75
