iterations 0 time 0 solution 1 11 26 68 73 103 112 131 214 246 261 277 312 352 358 389 391 403 415 420 428 433 434 438 444 450 514 521 529 544 562 622 670 689 691 723 738 749 767 775 782 819 863 906 907 920 931 940 963 990 1002 1005 1034 1067 1072 1120 1121 1145 1163 1171 1173 1176 1235 1261 1267 1273 1333 1344 1385 1411 1419 1476 1478 1483 1493 taille 75
iterations 3 time 1 solution 11 26 68 73 103 112 131 214 246 261 277 312 358 389 391 396 403 415 420 428 433 434 438 444 450 514 521 529 544 562 564 622 670 689 691 723 738 749 767 775 782 819 863 906 907 920 931 940 963 990 1002 1005 1034 1067 1072 1120 1121 1145 1163 1171 1173 1176 1235 1261 1267 1273 1333 1344 1385 1411 1419 1433 1476 1478 1483 1493 taille 76
iterations 5 time 1 solution 11 26 68 73 103 112 131 214 246 261 277 312 358 389 391 396 403 415 420 428 433 434 438 439 444 450 514 521 529 544 562 564 622 670 689 691 723 738 749 767 775 782 819 863 906 907 920 931 940 963 990 1002 1005 1034 1067 1072 1120 1121 1145 1163 1171 1176 1235 1261 1267 1273 1333 1344 1385 1394 1411 1419 1433 1476 1478 1483 1493 taille 77
iterations 6 time 1 solution 11 26 68 73 103 112 131 166 214 246 261 277 312 358 389 391 396 403 415 420 428 433 434 438 439 444 450 514 521 529 544 562 564 622 670 689 691 723 738 749 767 775 782 819 863 906 907 920 931 940 963 990 1002 1005 1034 1067 1072 1120 1121 1145 1163 1171 1176 1235 1261 1267 1273 1333 1344 1385 1394 1411 1419 1433 1476 1478 1483 1493 taille 78
iterations 11 time 2 solution 11 26 37 68 73 112 131 166 214 217 261 277 312 358 389 391 396 403 415 420 428 433 434 438 439 444 450 514 521 529 544 562 564 622 670 689 691 723 738 749 767 775 782 819 838 863 906 907 920 931 940 963 990 1002 1005 1034 1067 1072 1101 1120 1121 1145 1171 1176 1235 1261 1267 1273 1333 1344 1385 1394 1411 1419 1433 1464 1476 1478 1493 taille 79
iterations 15 time 2 solution 11 26 37 68 73 112 131 139 166 214 217 233 261 277 312 358 389 391 396 403 415 420 428 433 434 438 439 444 450 514 521 529 562 564 622 670 689 691 723 738 749 767 775 782 819 838 863 906 907 920 931 940 963 990 1002 1005 1034 1067 1072 1101 1120 1121 1145 1171 1176 1235 1261 1267 1273 1385 1394 1411 1416 1419 1433 1457 1464 1476 1478 1493 taille 80
iterations 25 time 3 solution 11 26 68 73 103 112 131 139 166 168 214 233 261 277 312 358 389 391 396 403 415 428 433 438 439 440 444 450 514 521 529 561 562 564 622 670 685 689 691 723 738 749 767 782 819 838 863 906 907 920 931 940 963 990 1002 1005 1031 1039 1067 1072 1120 1145 1171 1176 1235 1261 1267 1273 1342 1394 1411 1416 1419 1433 1457 1459 1464 1476 1478 1483 1493 taille 81
iterations 32 time 4 solution 11 26 68 73 103 112 131 139 149 166 168 214 233 261 277 312 358 389 396 403 428 433 434 438 439 440 444 450 514 521 529 537 561 562 564 615 622 685 689 691 723 749 767 782 819 838 863 906 907 920 931 940 963 990 1002 1005 1039 1067 1072 1120 1145 1171 1176 1235 1244 1261 1265 1267 1273 1342 1385 1394 1411 1416 1419 1433 1457 1464 1476 1478 1483 1493 taille 82
iterations 33 time 4 solution 11 26 68 73 103 112 131 139 149 166 168 214 233 261 277 312 358 389 396 403 428 433 434 438 439 440 444 450 514 521 529 537 561 562 564 615 622 685 689 691 723 749 767 782 804 819 838 863 906 907 920 931 940 963 990 1002 1005 1039 1067 1072 1120 1145 1171 1176 1235 1244 1261 1265 1267 1273 1342 1385 1394 1411 1416 1419 1433 1457 1464 1476 1478 1483 1493 taille 83
iterations 55 time 7 solution 11 26 31 37 68 73 103 139 149 166 168 214 217 233 264 312 346 389 396 403 415 428 433 434 438 440 444 450 514 521 529 537 561 562 564 615 622 683 689 691 723 749 767 775 804 818 819 838 863 906 907 920 940 963 983 990 1002 1005 1031 1067 1072 1120 1145 1157 1167 1171 1176 1235 1261 1265 1267 1273 1376 1394 1411 1416 1419 1433 1457 1464 1476 1478 1493 1500 taille 84
iterations 63 time 8 solution 11 26 31 37 68 73 166 168 214 217 233 261 264 312 346 396 403 415 428 433 434 438 440 444 450 514 521 537 561 562 564 615 622 683 689 691 723 738 749 767 775 804 818 819 838 863 889 906 907 920 940 963 990 1002 1005 1046 1067 1072 1120 1145 1157 1167 1171 1176 1235 1261 1265 1267 1273 1330 1333 1376 1385 1394 1411 1416 1419 1433 1457 1460 1464 1476 1478 1493 1500 taille 85
iterations 68 time 9 solution 11 26 31 37 68 73 166 168 214 217 233 264 312 346 389 396 403 415 428 433 434 438 440 444 514 521 537 561 562 564 615 622 683 689 691 723 738 767 775 804 818 819 838 863 906 907 920 940 963 983 990 1002 1005 1035 1046 1067 1072 1120 1145 1157 1167 1171 1176 1235 1261 1265 1267 1273 1330 1333 1376 1385 1389 1394 1411 1416 1419 1433 1457 1460 1464 1471 1476 1478 1493 1500 taille 86
iterations 72 time 9 solution 11 26 31 37 68 73 166 168 214 217 233 264 312 346 389 392 396 403 415 428 433 434 438 440 444 475 514 521 537 561 562 564 615 622 683 689 691 723 738 767 775 804 818 819 838 863 906 907 917 920 940 963 983 990 1002 1005 1035 1046 1067 1072 1120 1145 1157 1167 1171 1261 1265 1267 1273 1330 1333 1376 1385 1389 1394 1403 1411 1416 1419 1433 1457 1460 1464 1471 1478 1493 1500 taille 87
iterations 75 time 10 solution 11 26 31 37 68 73 166 168 214 217 233 261 264 276 312 346 389 392 396 403 415 428 433 434 438 440 444 475 514 521 537 561 562 564 615 622 683 689 691 723 738 767 775 804 818 819 838 863 906 907 917 940 963 990 1002 1005 1027 1035 1046 1067 1072 1120 1145 1157 1167 1171 1261 1265 1267 1273 1330 1333 1376 1385 1389 1394 1403 1411 1416 1419 1433 1457 1460 1464 1471 1478 1493 1500 taille 88
iterations 89 time 12 solution 11 26 31 37 68 72 73 100 166 168 173 214 215 217 261 264 312 346 389 392 396 403 415 428 433 434 438 440 444 475 514 521 529 537 544 561 564 580 615 622 683 689 691 723 738 767 804 818 819 838 845 863 906 917 920 926 940 963 990 1002 1005 1020 1027 1035 1067 1072 1120 1145 1157 1167 1171 1247 1265 1267 1273 1330 1333 1376 1385 1389 1403 1411 1433 1460 1464 1471 1478 1493 1500 taille 89
iterations 132 time 17 solution 11 26 31 37 68 73 100 103 131 156 165 166 173 214 217 261 276 312 392 396 403 420 428 433 434 438 440 444 449 475 508 514 521 537 544 562 564 599 615 622 689 691 723 738 767 818 819 845 853 863 878 907 917 922 940 963 990 1002 1005 1020 1027 1034 1046 1067 1070 1072 1105 1120 1145 1157 1167 1171 1244 1247 1265 1267 1273 1333 1376 1385 1389 1403 1411 1433 1460 1464 1471 1478 1493 1500 taille 90
iterations 148 time 19 solution 11 26 73 100 103 131 156 166 173 214 217 276 309 312 332 389 392 396 403 420 428 433 434 438 444 475 508 514 521 537 540 544 562 564 580 599 615 622 689 691 723 738 767 803 818 819 826 845 853 878 907 917 922 928 940 945 963 974 990 1005 1020 1027 1034 1039 1046 1052 1070 1072 1105 1120 1145 1167 1171 1244 1247 1265 1267 1273 1323 1333 1385 1389 1403 1411 1460 1464 1471 1478 1483 1493 1500 taille 91
iterations 307 time 41 solution 11 26 68 73 100 103 112 131 133 156 166 179 214 217 312 332 358 389 392 396 403 420 428 433 438 444 475 508 514 537 544 562 564 580 599 615 622 689 691 723 738 767 819 826 845 853 863 878 906 907 917 920 922 940 960 974 990 1002 1005 1020 1027 1034 1039 1046 1052 1067 1070 1072 1120 1121 1145 1167 1171 1244 1247 1261 1265 1267 1273 1333 1344 1385 1389 1403 1411 1434 1459 1460 1464 1478 1483 1494 taille 92
iterations 354 time 47 solution 11 26 37 68 73 93 100 103 112 131 133 156 166 179 214 217 261 276 309 312 358 389 392 396 403 428 433 434 438 440 444 475 508 514 537 544 555 561 562 564 580 599 622 689 691 723 738 767 819 826 838 853 878 906 907 917 922 928 940 945 960 974 977 990 1002 1005 1020 1027 1034 1046 1072 1120 1145 1157 1167 1171 1244 1261 1265 1267 1273 1333 1385 1389 1403 1411 1419 1460 1464 1471 1478 1494 1500 taille 93
iterations 963 time 122 solution 11 26 37 68 82 100 103 112 131 133 179 214 217 256 261 274 276 290 309 312 358 389 392 396 403 428 433 434 438 440 444 475 508 514 537 555 561 562 564 615 622 689 691 723 738 767 819 826 838 853 863 878 906 907 917 922 945 960 974 977 990 1002 1005 1020 1027 1034 1035 1046 1072 1120 1145 1157 1167 1171 1244 1261 1265 1267 1273 1339 1342 1385 1389 1394 1403 1411 1416 1419 1460 1464 1471 1478 1485 1500 taille 94
