iterations 0 solution 5 6 21 37 52 53 61 97 108 110 113 118 132 137 139 147 155 181 194 204 205 230 242 244 268 280 291 295 310 336 339 381 404 406 415 427 442 451 455 484 488 490 493 taille 43
iterations 2 solution 5 6 21 37 46 52 53 61 97 108 110 113 118 132 137 139 147 155 181 194 205 230 242 244 267 268 280 291 295 310 336 339 381 404 406 415 427 442 451 455 484 488 490 493 taille 44
iterations 4 solution 5 6 21 46 52 53 61 97 108 110 113 118 132 137 147 155 181 194 205 230 242 244 267 268 280 291 295 306 310 336 339 381 404 406 411 415 427 431 442 451 455 484 488 493 497 taille 45
iterations 4 solution 6 21 46 52 53 61 81 97 108 110 113 118 132 137 147 148 155 182 194 205 215 230 242 244 267 268 280 291 295 306 310 336 381 404 406 411 415 427 431 442 451 455 484 488 493 497 taille 46
iterations 3 solution 6 21 46 52 53 61 97 108 110 113 118 132 137 147 148 155 181 182 194 205 215 230 242 244 267 268 280 291 295 306 310 329 336 351 381 404 406 411 415 431 442 451 455 484 488 493 497 taille 47
iterations 8 solution 6 21 52 53 61 97 110 113 118 132 137 142 147 148 155 181 182 194 205 215 230 242 249 267 268 280 283 291 295 299 306 310 329 336 351 381 406 415 431 442 443 451 452 455 484 488 493 497 taille 48
iterations 12 solution 21 53 61 95 97 110 113 118 132 137 142 148 155 181 182 194 202 203 215 229 230 242 249 267 268 272 277 280 283 291 299 304 310 329 336 340 341 351 381 406 431 442 443 451 452 455 484 491 497 taille 49
iterations 1 solution 21 53 61 95 97 110 113 118 132 137 142 148 155 156 181 182 194 202 203 215 229 230 242 249 267 268 272 277 280 283 291 299 304 310 329 336 340 341 351 381 406 431 442 443 451 452 455 484 491 497 taille 50
iterations 2 solution 21 36 53 61 95 97 110 113 118 132 137 142 148 155 156 181 182 194 202 203 215 229 230 242 249 267 268 272 277 280 283 291 299 304 310 329 336 340 341 351 381 406 431 442 443 451 452 455 472 491 497 taille 51
iterations 5 solution 21 36 61 87 95 97 110 113 132 137 142 148 155 156 182 194 198 202 203 215 229 230 242 249 267 268 272 277 280 283 291 299 304 310 329 333 336 340 341 351 381 406 431 442 443 451 452 461 472 477 491 497 taille 52
iterations 34 solution 21 36 61 63 87 97 110 113 132 137 139 142 148 156 174 179 181 182 194 203 215 229 230 242 245 249 267 268 269 272 277 280 283 291 299 304 310 325 336 341 381 415 431 434 443 451 452 455 472 477 488 491 497 taille 53
iterations 17 solution 6 21 36 61 63 87 97 110 113 132 137 139 142 148 155 156 179 182 194 198 203 215 229 230 242 249 267 268 272 277 280 283 291 299 304 310 325 336 351 381 415 431 434 442 443 451 452 460 461 472 477 488 491 497 taille 54
iterations 6872 solution 11 14 19 25 36 37 39 46 61 74 79 81 97 98 108 113 118 119 125 130 139 147 148 151 164 166 179 194 207 212 226 246 260 266 269 277 294 304 308 320 327 348 357 368 374 378 383 414 426 427 433 443 458 468 469 taille 55
iterations 8937 solution 6 21 40 44 46 68 87 97 108 110 114 134 137 145 147 148 160 171 175 181 182 186 194 206 207 212 238 244 245 253 266 268 284 290 294 295 319 321 327 364 378 381 392 400 404 405 411 415 436 447 451 484 488 493 494 497 taille 56
