iterations 0 solution 3 23 29 30 33 66 101 102 103 114 133 154 166 180 241 286 298 320 321 326 352 374 385 389 407 419 435 439 470 473 482 508 516 527 535 541 575 627 659 687 692 696 730 739 745 792 830 843 886 897 934 946 985 taille 53
iterations 4 solution 3 23 29 30 33 66 101 102 103 114 133 154 166 180 241 286 298 320 321 326 352 374 375 385 389 407 419 435 439 470 473 482 508 527 535 541 573 575 627 659 687 692 696 730 739 744 792 830 843 886 929 934 946 985 taille 54
iterations 2 solution 3 23 29 30 33 66 101 102 103 114 133 154 163 166 180 241 286 298 320 321 326 352 374 375 385 389 407 419 435 439 470 473 482 508 527 535 541 573 627 659 687 692 696 730 739 744 792 830 843 886 929 934 946 985 987 taille 55
iterations 7 solution 3 22 23 29 30 33 66 101 102 103 114 133 154 159 163 166 180 221 241 266 286 298 320 321 326 352 374 375 385 407 419 435 439 470 482 508 527 535 541 573 659 687 692 730 739 744 792 830 843 878 909 929 934 947 985 987 taille 56
iterations 9 solution 3 15 22 23 30 33 66 101 102 103 114 133 154 159 163 166 180 286 298 320 321 326 352 374 375 384 385 407 419 435 439 470 482 508 527 535 541 573 633 659 692 696 730 739 744 745 759 792 794 830 843 878 909 934 947 985 987 taille 57
iterations 16 solution 3 15 23 29 33 66 101 102 103 114 133 154 159 163 166 180 184 286 298 320 321 326 351 352 366 374 375 384 407 419 435 439 470 508 527 535 541 573 633 659 687 692 696 730 739 792 830 843 856 861 878 886 929 934 947 985 987 1000 taille 58
iterations 7 solution 3 15 29 33 51 66 101 102 103 114 132 133 154 159 163 166 180 184 193 286 298 320 321 351 352 366 374 375 407 419 435 439 470 473 508 517 527 535 541 573 621 633 659 687 692 696 730 792 843 856 861 886 929 934 939 947 985 987 1000 taille 59
iterations 42 solution 3 15 23 29 33 66 101 102 103 114 132 154 159 163 166 184 193 237 286 298 320 321 334 339 351 352 366 374 375 407 419 432 435 439 470 473 487 508 527 535 592 621 633 659 687 692 696 730 792 856 861 886 914 929 934 939 947 985 987 1000 taille 60
iterations 347 solution 3 33 51 66 76 101 103 105 114 132 133 144 154 166 180 188 235 241 286 298 316 317 321 351 366 375 379 397 401 407 419 430 473 487 488 508 517 527 564 575 590 621 633 649 659 682 696 730 744 749 759 843 856 878 886 910 913 914 929 935 999 taille 61
iterations 4 solution 3 33 51 66 101 105 114 132 133 144 154 166 180 188 235 241 286 298 316 317 321 351 366 375 379 397 401 407 419 430 473 476 487 488 508 517 527 564 575 590 616 621 633 649 659 682 687 696 730 744 749 759 843 856 878 886 910 913 914 927 929 999 taille 62
iterations 796 solution 3 15 51 103 105 114 132 133 148 154 166 180 182 188 193 286 298 316 317 320 321 351 366 375 379 382 397 401 419 438 451 473 484 487 488 498 508 517 527 573 575 579 586 621 633 658 659 687 696 727 744 745 749 759 807 843 853 878 889 910 913 917 999 taille 63
iterations 83 solution 3 15 33 51 105 114 132 133 148 154 161 166 180 182 188 193 286 298 316 321 351 366 375 379 397 401 419 451 462 473 476 484 487 488 498 508 527 539 550 573 575 586 591 621 658 659 682 687 696 727 744 745 749 759 784 785 807 835 848 853 878 889 910 917 taille 64
