iterations 0 solution 35 55 67 74 87 100 152 156 159 166 177 180 200 201 226 231 239 259 263 266 286 288 300 309 316 327 328 359 361 365 377 379 388 391 401 420 433 441 482 483 486 488 499 taille 43
iterations 4 solution 21 35 55 67 74 87 127 152 156 159 166 177 200 201 226 231 239 259 263 266 286 288 300 309 316 327 328 352 359 361 365 377 379 388 389 401 420 433 441 482 483 486 488 499 taille 44
iterations 6 solution 21 35 54 55 67 74 87 127 152 156 159 163 166 177 201 226 231 238 239 259 266 286 288 300 309 316 327 328 361 365 376 379 387 388 389 401 420 433 436 441 482 483 486 488 499 taille 45
iterations 4 solution 10 21 23 35 54 55 67 74 127 152 156 159 163 166 177 226 231 238 239 259 266 286 288 300 309 316 328 361 363 365 376 379 387 388 389 401 413 420 433 436 441 482 483 486 488 499 taille 46
iterations 12 solution 21 23 29 35 54 55 74 127 146 152 156 159 163 166 177 201 226 231 239 249 259 263 266 279 286 288 299 300 303 309 328 352 361 365 376 379 388 389 401 413 436 441 465 482 486 488 499 taille 47
iterations 6 solution 21 23 29 35 54 55 67 74 87 127 146 152 156 159 163 166 177 201 226 231 238 239 259 266 279 286 288 300 303 309 328 343 361 365 376 379 387 388 389 401 433 436 441 465 482 486 488 499 taille 48
iterations 78 solution 9 29 35 53 54 55 57 61 74 87 100 108 127 129 146 152 156 159 160 163 188 201 226 232 242 246 271 288 299 300 303 309 327 328 350 351 361 368 376 379 389 394 397 433 434 436 465 482 499 taille 49
iterations 20 solution 30 35 51 53 54 55 61 74 87 93 98 100 108 127 129 143 146 152 159 160 163 166 188 201 204 226 232 242 246 256 263 284 288 299 303 309 327 328 351 361 368 376 379 389 401 431 433 434 465 499 taille 50
iterations 3 solution 22 30 51 53 54 55 61 74 87 93 98 100 108 127 129 143 146 152 159 160 163 166 186 188 201 204 226 232 242 246 256 263 284 288 299 303 309 327 328 351 361 368 376 379 389 401 431 433 434 496 499 taille 51
iterations 4 solution 22 30 51 53 54 57 61 74 87 93 98 100 108 110 127 143 146 152 159 160 163 166 178 186 188 201 204 226 232 242 246 256 284 288 299 303 309 327 328 351 361 368 370 376 379 389 401 431 433 434 496 499 taille 52
iterations 4 solution 22 30 51 53 55 57 61 74 87 93 98 100 108 110 127 143 146 152 160 163 166 186 188 201 204 226 232 242 246 256 284 288 299 303 309 327 328 351 361 368 370 376 379 389 401 421 431 433 434 449 489 496 499 taille 53
iterations 118 solution 9 12 30 51 60 61 74 98 100 110 118 123 127 133 143 152 160 163 166 178 186 188 194 200 201 204 232 246 271 277 299 303 309 310 321 327 342 350 351 361 368 370 379 386 389 420 421 433 449 473 489 492 496 499 taille 54
iterations 5759 solution 8 9 10 13 20 37 55 59 62 67 76 104 107 114 127 132 150 156 175 176 180 186 188 206 210 215 227 232 239 240 249 272 285 288 293 320 327 328 350 352 377 379 388 393 412 421 432 441 443 468 482 483 488 492 499 taille 55
iterations 55 solution 9 13 20 37 40 54 62 74 76 82 104 107 114 118 127 132 150 156 175 176 180 186 188 206 210 227 232 239 240 246 247 249 272 285 288 293 316 327 328 336 350 352 377 379 388 393 412 421 441 443 468 482 483 488 492 499 taille 56
