iterations 0 solution 2 3 30 43 53 59 75 77 81 90 95 101 115 116 118 122 135 143 149 151 165 168 178 206 211 215 220 222 227 233 247 253 279 292 293 294 302 340 342 360 364 375 388 390 400 taille 45
iterations 3 solution 2 3 30 43 53 59 75 77 81 89 90 95 101 115 116 118 122 135 143 149 151 165 168 206 211 215 220 222 227 233 247 253 259 279 285 293 294 302 340 342 360 364 375 388 390 400 taille 46
iterations 2 solution 2 3 30 43 53 59 75 77 81 89 95 101 115 116 118 122 135 143 149 151 165 168 182 206 211 215 220 222 227 233 247 253 259 279 285 293 294 302 338 340 342 360 364 375 388 390 400 taille 47
iterations 11 solution 2 3 15 30 34 43 59 75 77 81 95 101 115 116 118 122 135 141 151 162 165 168 182 200 206 211 215 220 227 233 247 253 259 279 285 293 294 302 303 338 340 342 357 360 364 375 388 390 taille 48
iterations 7 solution 2 3 15 30 34 43 59 75 77 81 95 101 110 115 116 135 140 141 151 162 165 168 182 200 206 211 215 220 222 227 233 241 247 279 285 287 294 302 334 338 340 342 357 360 364 373 375 388 390 taille 49
iterations 7 solution 2 3 15 30 34 43 59 75 77 81 94 95 101 110 115 116 118 135 140 141 145 151 155 162 165 168 182 206 215 220 222 224 227 233 241 247 292 294 302 334 338 340 342 345 357 360 364 375 388 390 taille 50
iterations 52 solution 2 3 9 15 30 43 59 75 94 95 101 110 111 116 118 140 141 142 145 151 162 165 168 178 182 195 220 222 227 233 241 247 250 277 287 292 294 298 302 334 338 340 342 345 357 359 360 364 388 389 390 taille 51
iterations 194 solution 2 3 6 9 30 34 43 51 53 59 75 86 90 91 94 95 102 110 111 116 130 134 142 145 146 149 162 168 195 202 208 216 220 222 227 233 247 250 270 277 287 292 294 309 325 350 359 378 389 390 395 400 taille 52
iterations 85 solution 2 6 9 30 43 53 59 67 69 75 86 87 90 91 94 95 102 111 116 122 130 134 140 146 149 162 178 195 202 208 211 222 227 233 247 250 270 275 277 284 292 294 309 325 350 357 359 374 389 390 395 399 400 taille 53
iterations 1198 solution 9 11 16 19 25 30 43 48 50 55 58 60 69 82 99 122 126 132 136 140 143 145 150 151 154 158 171 174 178 180 183 205 206 233 238 241 245 246 270 279 292 320 333 338 341 359 369 374 381 383 384 387 391 395 taille 54
iterations 3 solution 9 11 16 19 25 30 43 48 50 55 58 60 69 82 99 101 122 126 132 140 143 145 150 151 154 158 171 174 178 180 183 205 206 233 238 241 245 246 270 279 292 303 320 333 338 341 359 369 374 381 383 387 389 391 395 taille 55
iterations 1 solution 9 11 16 19 25 30 43 48 50 55 58 60 69 82 99 101 122 126 132 140 143 145 150 151 154 158 171 174 178 180 183 205 206 233 238 241 243 245 246 270 279 292 303 320 333 338 341 359 369 374 381 383 387 389 391 395 taille 56
iterations 5 solution 9 11 16 19 25 30 43 48 50 55 58 60 67 69 82 99 101 104 122 126 132 140 143 145 150 154 158 171 174 178 180 183 196 205 206 230 238 243 245 246 265 270 279 292 303 333 338 341 359 369 374 381 383 387 389 391 395 taille 57
iterations 11 solution 9 11 16 19 25 27 30 43 48 50 55 58 60 99 101 104 122 126 132 140 143 145 150 151 171 174 177 178 180 183 196 205 206 230 238 241 243 245 246 270 301 303 313 322 333 338 341 345 359 369 374 381 383 387 389 391 395 400 taille 58
iterations 12 solution 9 11 16 25 27 30 43 48 50 55 58 60 95 99 101 104 105 113 122 126 132 140 143 145 150 158 171 174 177 180 183 196 205 230 238 241 243 245 246 250 265 270 301 314 322 333 338 341 345 359 374 381 383 387 389 391 395 399 400 taille 59
iterations 6 solution 9 11 16 25 27 30 43 48 50 54 55 58 60 95 99 101 104 105 113 126 132 140 143 145 150 158 171 174 177 180 196 205 206 230 238 241 243 245 246 265 270 284 301 308 314 322 333 338 341 345 359 374 381 383 387 389 391 395 399 400 taille 60
iterations 1 solution 9 11 16 25 27 30 43 48 50 54 55 58 60 95 99 101 104 105 113 126 132 140 143 145 150 158 171 174 177 180 196 205 206 230 238 241 243 245 246 265 270 284 301 308 314 322 333 335 338 341 345 359 374 381 383 387 389 391 395 399 400 taille 61
iterations 2 solution 9 11 16 25 27 30 43 48 50 54 55 58 60 95 99 101 102 104 105 113 126 132 140 143 145 150 157 171 174 177 180 196 205 206 230 238 241 243 245 246 265 270 284 301 308 314 322 333 335 338 341 345 359 374 381 383 387 389 391 395 399 400 taille 62
iterations 1 solution 9 11 16 25 27 30 43 48 50 54 55 58 60 95 99 101 102 104 105 113 121 126 132 140 143 145 150 157 171 174 177 180 196 205 206 230 238 241 243 245 246 265 270 284 301 308 314 322 333 335 338 341 345 359 374 381 383 387 389 391 395 399 400 taille 63
iterations 4 solution 9 11 16 25 27 30 48 50 54 55 58 60 95 99 101 102 104 105 106 113 121 126 132 140 143 145 150 155 157 171 174 177 180 192 196 205 206 230 241 243 245 246 263 265 284 301 308 314 322 333 335 338 341 345 359 374 381 383 387 389 391 395 399 400 taille 64
iterations 2 solution 9 11 16 25 27 30 48 50 54 55 58 60 93 95 99 101 102 104 105 106 113 121 126 132 140 143 145 150 155 157 171 174 177 180 192 196 205 206 225 230 243 245 246 263 265 284 301 308 314 322 333 335 338 341 345 359 374 381 383 387 389 391 395 399 400 taille 65
iterations 1 solution 9 11 16 25 27 30 48 50 54 55 58 60 93 95 99 101 102 104 105 106 112 113 121 126 132 140 143 145 150 155 157 171 174 177 180 192 196 205 206 225 230 243 245 246 263 265 284 301 308 314 322 333 335 338 341 345 359 374 381 383 387 389 391 395 399 400 taille 66
iterations 1 solution 9 11 16 25 27 30 48 50 54 55 58 60 93 95 99 101 102 104 105 106 112 113 121 126 132 140 143 145 150 155 157 171 174 177 180 192 196 205 206 225 230 243 245 246 263 265 284 301 308 314 322 333 335 338 341 345 359 368 374 381 383 387 389 391 395 399 400 taille 67
iterations 1 solution 9 11 16 25 27 30 48 50 54 55 58 60 67 93 95 99 101 102 104 105 106 112 113 121 126 132 140 143 145 150 155 157 171 174 177 180 192 196 205 206 225 230 243 245 246 263 265 284 301 308 314 322 333 335 338 341 345 359 368 374 381 383 387 389 391 395 399 400 taille 68
iterations 1 solution 9 11 16 25 27 30 48 50 54 55 58 60 67 93 95 99 101 102 104 105 106 112 113 121 126 132 140 143 145 150 155 157 163 171 174 177 180 192 196 205 206 225 230 243 245 246 263 265 284 301 308 314 322 333 335 338 341 345 359 368 374 381 383 387 389 391 395 399 400 taille 69
iterations 2 solution 6 9 11 16 25 27 30 48 50 54 55 58 60 67 93 95 99 101 102 104 105 106 112 113 121 126 132 140 143 145 150 155 157 163 171 174 177 180 192 196 205 225 230 243 245 246 263 265 284 301 308 314 322 333 335 338 341 345 347 359 368 374 381 383 387 389 391 395 399 400 taille 70
iterations 1 solution 6 9 11 16 25 27 30 48 50 54 55 58 60 67 93 95 99 101 102 104 105 106 112 113 121 126 132 140 143 145 150 155 157 163 171 174 177 180 192 196 205 225 230 243 245 246 250 263 265 284 301 308 314 322 333 335 338 341 345 347 359 368 374 381 383 387 389 391 395 399 400 taille 71
iterations 1 solution 6 9 11 16 25 27 30 48 50 54 55 58 60 67 93 95 99 101 102 104 105 106 112 113 117 121 126 132 140 143 145 150 155 157 163 171 174 177 180 192 196 205 225 230 243 245 246 250 263 265 284 301 308 314 322 333 335 338 341 345 347 359 368 374 381 383 387 389 391 395 399 400 taille 72
iterations 1 solution 6 9 11 16 25 27 30 48 50 54 55 58 60 67 93 95 99 101 102 104 105 106 112 113 117 121 124 126 132 140 143 145 150 155 157 163 171 174 177 180 192 196 205 225 230 243 245 246 250 263 265 284 301 308 314 322 333 335 338 341 345 347 359 368 374 381 383 387 389 391 395 399 400 taille 73
iterations 2 solution 6 9 11 16 25 27 30 48 50 54 55 58 60 67 93 95 99 101 102 104 105 106 112 113 117 121 124 132 140 142 143 145 150 155 157 163 171 174 177 180 192 196 205 222 225 230 243 245 246 250 263 265 284 301 308 314 322 333 335 338 341 345 347 359 368 374 381 383 387 389 391 395 399 400 taille 74
iterations 1 solution 6 9 11 16 18 25 27 30 48 50 54 55 58 60 67 93 95 99 101 102 104 105 106 112 113 117 121 124 132 140 142 143 145 150 155 157 163 171 174 177 180 192 196 205 222 225 230 243 245 246 250 263 265 284 301 308 314 322 333 335 338 341 345 347 359 368 374 381 383 387 389 391 395 399 400 taille 75
