iterations 0 solution 1 11 26 68 73 103 112 131 214 246 261 277 312 352 358 389 391 403 415 420 428 433 434 438 444 450 514 521 529 544 562 622 670 689 691 723 738 749 767 775 782 819 863 906 907 920 931 940 963 990 1002 1005 1034 1067 1072 1120 1121 1145 1163 1171 1173 1176 1235 1261 1267 1273 1333 1344 1385 1411 1419 1476 1478 1483 1493 taille 75
iterations 3 solution 11 26 68 73 103 112 131 214 246 261 277 312 358 389 391 396 403 415 420 428 433 434 438 444 450 514 521 529 544 562 564 622 670 689 691 723 738 749 767 775 782 819 863 906 907 920 931 940 963 990 1002 1005 1034 1067 1072 1120 1121 1145 1163 1171 1173 1176 1235 1261 1267 1273 1333 1344 1385 1411 1419 1433 1476 1478 1483 1493 taille 76
iterations 2 solution 11 26 68 73 103 112 131 214 246 261 277 312 358 389 391 396 403 415 420 428 433 434 438 439 444 450 514 521 529 544 562 564 622 670 689 691 723 738 749 767 775 782 819 863 906 907 920 931 940 963 990 1002 1005 1034 1067 1072 1120 1121 1145 1163 1171 1176 1235 1261 1267 1273 1333 1344 1385 1394 1411 1419 1433 1476 1478 1483 1493 taille 77
iterations 1 solution 11 26 68 73 103 112 131 166 214 246 261 277 312 358 389 391 396 403 415 420 428 433 434 438 439 444 450 514 521 529 544 562 564 622 670 689 691 723 738 749 767 775 782 819 863 906 907 920 931 940 963 990 1002 1005 1034 1067 1072 1120 1121 1145 1163 1171 1176 1235 1261 1267 1273 1333 1344 1385 1394 1411 1419 1433 1476 1478 1483 1493 taille 78
iterations 6 solution 11 26 37 68 73 112 131 166 214 246 261 277 312 358 389 391 396 403 415 420 428 433 434 438 439 444 450 475 514 521 529 544 562 564 566 622 670 689 691 723 738 749 767 775 782 819 863 906 907 917 920 931 940 963 990 1002 1005 1034 1067 1072 1101 1120 1121 1145 1171 1176 1261 1267 1273 1333 1344 1385 1394 1411 1419 1433 1464 1476 1493 taille 79
iterations 1 solution 11 26 37 68 73 112 131 166 214 246 261 277 312 332 358 389 391 396 403 415 420 428 433 434 438 439 444 450 475 514 521 529 544 562 564 566 622 670 689 691 723 738 749 767 775 782 819 863 906 907 917 920 931 940 963 990 1002 1005 1034 1067 1072 1101 1120 1121 1145 1171 1176 1261 1267 1273 1333 1344 1385 1394 1411 1419 1433 1464 1476 1493 taille 80
iterations 2 solution 11 26 37 68 73 112 131 166 214 217 261 277 312 332 358 389 391 396 403 415 420 428 433 434 438 439 444 450 475 514 521 529 544 562 564 566 622 670 689 691 723 738 749 767 775 782 819 838 863 906 907 917 920 931 940 963 990 1002 1005 1034 1067 1072 1101 1120 1121 1145 1171 1176 1261 1267 1273 1333 1344 1385 1394 1411 1419 1433 1464 1476 1493 taille 81
iterations 2 solution 11 26 37 68 73 112 131 160 166 214 217 261 277 312 332 358 389 391 396 403 415 420 428 433 434 438 439 444 450 475 514 521 529 544 562 564 566 622 670 689 691 723 738 749 767 775 782 819 838 863 906 907 917 920 931 940 963 990 1002 1005 1020 1034 1067 1072 1101 1120 1121 1145 1171 1261 1267 1273 1333 1344 1385 1394 1411 1419 1433 1464 1476 1493 taille 82
iterations 3 solution 11 26 37 68 73 112 131 160 166 214 217 261 277 312 332 358 389 391 396 403 415 416 420 428 433 434 438 439 444 450 475 514 521 529 544 562 564 566 618 622 670 689 723 738 749 767 775 782 819 838 863 906 907 917 920 931 940 963 990 1002 1005 1020 1034 1067 1072 1101 1120 1121 1145 1171 1261 1267 1273 1290 1333 1344 1385 1394 1411 1433 1464 1476 1493 taille 83
iterations 5 solution 11 26 37 68 73 112 131 160 166 168 214 217 261 264 277 312 332 358 389 391 396 403 415 416 420 428 433 434 438 439 444 450 475 514 521 529 544 562 564 566 618 622 670 689 723 738 749 767 782 819 838 863 906 907 917 920 922 940 963 990 1002 1005 1020 1067 1072 1101 1120 1121 1145 1171 1261 1267 1273 1303 1333 1344 1385 1394 1411 1419 1433 1464 1476 1493 taille 84
iterations 2 solution 11 26 37 68 73 112 131 160 166 168 214 217 261 264 277 312 332 358 389 391 396 403 415 416 420 428 433 434 438 439 444 450 475 514 521 529 544 562 564 566 580 618 622 670 689 723 738 767 782 819 838 863 906 907 917 920 922 940 963 990 1002 1005 1020 1067 1072 1101 1120 1121 1145 1171 1261 1267 1273 1303 1333 1344 1385 1389 1394 1411 1419 1433 1464 1476 1493 taille 85
iterations 6 solution 11 26 37 68 73 112 131 160 166 168 214 215 217 261 264 277 312 332 358 389 391 396 403 415 416 420 428 433 434 438 439 444 450 475 514 521 529 564 566 580 618 622 670 689 723 738 767 782 819 826 838 906 907 917 920 922 928 940 963 990 1002 1005 1020 1072 1101 1120 1121 1145 1171 1261 1267 1273 1297 1303 1333 1342 1344 1385 1389 1394 1411 1416 1419 1464 1476 1493 taille 86
iterations 7 solution 11 26 37 68 73 112 131 160 166 173 214 217 233 261 264 277 312 332 358 389 391 396 403 416 420 428 433 434 438 439 444 450 475 514 521 529 562 564 566 615 618 622 689 723 738 767 782 819 826 838 878 906 907 917 920 922 928 940 963 990 1002 1005 1020 1034 1072 1101 1120 1121 1145 1171 1244 1267 1273 1297 1303 1333 1342 1344 1385 1389 1394 1411 1416 1419 1464 1476 1493 taille 87
iterations 12 solution 11 26 68 73 100 112 131 160 166 168 173 214 217 261 264 276 277 312 332 358 389 391 396 403 416 420 428 433 434 438 439 444 475 514 521 529 562 564 566 580 615 618 622 689 723 738 767 782 811 819 826 838 878 906 907 917 922 928 940 963 990 1002 1005 1020 1067 1072 1101 1121 1145 1171 1244 1267 1273 1303 1333 1342 1344 1385 1389 1394 1403 1411 1416 1419 1464 1476 1483 1493 taille 88
iterations 18 solution 11 26 68 73 100 112 131 160 166 214 215 217 261 312 332 358 372 389 391 396 403 416 420 428 433 434 438 439 475 508 514 521 529 564 580 599 615 618 622 684 689 723 738 767 782 811 819 826 838 863 878 906 907 917 920 922 940 963 990 1002 1020 1034 1067 1072 1121 1167 1171 1244 1261 1267 1273 1289 1292 1303 1333 1344 1385 1389 1394 1403 1408 1411 1416 1419 1460 1464 1476 1483 1493 taille 89
iterations 9 solution 11 26 68 73 100 103 112 131 160 166 173 214 217 264 312 332 358 372 389 391 396 416 420 428 433 434 438 439 475 514 521 529 562 564 566 580 599 615 618 622 671 684 689 723 738 767 769 782 811 819 826 838 878 906 907 917 920 922 928 940 963 990 1002 1020 1034 1052 1067 1072 1121 1171 1244 1273 1289 1292 1303 1333 1344 1385 1389 1394 1403 1408 1411 1416 1419 1460 1464 1476 1483 1493 taille 90
iterations 37 solution 6 11 26 31 37 68 72 73 82 100 103 112 131 149 160 166 173 214 217 261 264 312 372 389 396 403 416 420 428 433 434 438 439 440 475 514 521 529 549 562 564 566 580 599 613 615 622 671 684 689 723 767 782 811 819 826 838 878 906 917 920 922 928 940 960 990 1002 1020 1034 1067 1072 1171 1244 1273 1289 1292 1303 1344 1385 1389 1394 1403 1408 1411 1416 1419 1460 1464 1471 1476 1493 taille 91
